-6.613810 -2.720555 -3.541140
-6.613810 -2.720555 -2.541140
-6.613810 -2.720555 -1.541140
-6.613810 -2.720555 -0.541140
-6.613810 -2.720555 0.458860
-6.613810 -2.720555 1.458860
-6.613810 -2.720555 2.458860
-5.613810 -2.720555 -3.541140
-5.613810 -2.720555 -2.541140
-5.613810 -2.720555 -1.541140
-5.613810 -2.720555 -0.541140
-5.613810 -2.720555 0.458860
-5.613810 -2.720555 1.458860
-5.613810 -2.720555 2.458860
-4.613810 -2.720555 -3.541140
-4.613810 -2.720555 -2.541140
-4.613810 -2.720555 -1.541140
-4.613810 -2.720555 -0.541140
-4.613810 -2.720555 0.458860
-4.613810 -2.720555 1.458860
-4.613810 -2.720555 2.458860
-3.613810 -2.720555 -3.541140
-3.613810 -2.720555 -2.541140
-3.613810 -2.720555 -1.541140
-3.613810 -2.720555 -0.541140
-3.613810 -2.720555 0.458860
-3.613810 -2.720555 1.458860
-3.613810 -2.720555 2.458860
-2.613810 -2.720555 -3.541140
-2.613810 -2.720555 -2.541140
-2.613810 -2.720555 -1.541140
-2.613810 -2.720555 -0.541140
-2.613810 -2.720555 0.458860
-2.613810 -2.720555 1.458860
-2.613810 -2.720555 2.458860
-1.613810 -2.720555 -3.541140
-1.613810 -2.720555 -2.541140
-1.613810 -2.720555 -1.541140
-1.613810 -2.720555 -0.541140
-1.613810 -2.720555 0.458860
-1.613810 -2.720555 1.458860
-1.613810 -2.720555 2.458860
-0.613810 -2.720555 -3.541140
-0.613810 -2.720555 -2.541140
-0.613810 -2.720555 -1.541140
-0.613810 -2.720555 -0.541140
-0.613810 -2.720555 0.458860
-0.613810 -2.720555 1.458860
-0.613810 -2.720555 2.458860
0.386190 -2.720555 -3.541140
0.386190 -2.720555 -2.541140
0.386190 -2.720555 -1.541140
0.386190 -2.720555 -0.541140
0.386190 -2.720555 0.458860
0.386190 -2.720555 1.458860
0.386190 -2.720555 2.458860
1.386190 -2.720555 -3.541140
1.386190 -2.720555 -2.541140
1.386190 -2.720555 -1.541140
1.386190 -2.720555 -0.541140
1.386190 -2.720555 0.458860
1.386190 -2.720555 1.458860
1.386190 -2.720555 2.458860
2.386190 -2.720555 -3.541140
2.386190 -2.720555 -2.541140
2.386190 -2.720555 -1.541140
2.386190 -2.720555 -0.541140
2.386190 -2.720555 0.458860
2.386190 -2.720555 1.458860
2.386190 -2.720555 2.458860
3.386190 -2.720555 -3.541140
3.386190 -2.720555 -2.541140
3.386190 -2.720555 -1.541140
3.386190 -2.720555 -0.541140
3.386190 -2.720555 0.458860
3.386190 -2.720555 1.458860
3.386190 -2.720555 2.458860
4.386190 -2.720555 -3.541140
4.386190 -2.720555 -2.541140
4.386190 -2.720555 -1.541140
4.386190 -2.720555 -0.541140
4.386190 -2.720555 0.458860
4.386190 -2.720555 1.458860
4.386190 -2.720555 2.458860
5.386190 -2.720555 -3.541140
5.386190 -2.720555 -2.541140
5.386190 -2.720555 -1.541140
5.386190 -2.720555 -0.541140
5.386190 -2.720555 0.458860
5.386190 -2.720555 1.458860
5.386190 -2.720555 2.458860
6.386190 -2.720555 -3.541140
6.386190 -2.720555 -2.541140
6.386190 -2.720555 -1.541140
6.386190 -2.720555 -0.541140
6.386190 -2.720555 0.458860
6.386190 -2.720555 1.458860
6.386190 -2.720555 2.458860
-6.613810 -1.720555 -3.541140
-6.613810 -1.720555 -2.541140
-6.613810 -1.720555 -1.541140
-6.613810 -1.720555 -0.541140
-6.613810 -1.720555 0.458860
-6.613810 -1.720555 1.458860
-6.613810 -1.720555 2.458860
-5.613810 -1.720555 -3.541140
-5.613810 -1.720555 -2.541140
-5.613810 -1.720555 -1.541140
-5.613810 -1.720555 -0.541140
-5.613810 -1.720555 0.458860
-5.613810 -1.720555 1.458860
-5.613810 -1.720555 2.458860
-4.613810 -1.720555 -3.541140
-4.613810 -1.720555 -2.541140
-4.613810 -1.720555 -1.541140
-4.613810 -1.720555 -0.541140
-4.613810 -1.720555 0.458860
-4.613810 -1.720555 1.458860
-4.613810 -1.720555 2.458860
-3.613810 -1.720555 -3.541140
-3.613810 -1.720555 -2.541140
-3.613810 -1.720555 -1.541140
-3.613810 -1.720555 -0.541140
-3.613810 -1.720555 0.458860
-3.613810 -1.720555 1.458860
-3.613810 -1.720555 2.458860
-2.613810 -1.720555 -3.541140
-2.613810 -1.720555 -2.541140
-2.613810 -1.720555 -1.541140
-2.613810 -1.720555 -0.541140
-2.613810 -1.720555 0.458860
-2.613810 -1.720555 1.458860
-2.613810 -1.720555 2.458860
-1.613810 -1.720555 -3.541140
-1.613810 -1.720555 -2.541140
-1.613810 -1.720555 -1.541140
-1.613810 -1.720555 -0.541140
-1.613810 -1.720555 0.458860
-1.613810 -1.720555 1.458860
-1.613810 -1.720555 2.458860
-0.613810 -1.720555 -3.541140
-0.613810 -1.720555 -2.541140
-0.613810 -1.720555 -1.541140
-0.613810 -1.720555 -0.541140
-0.613810 -1.720555 0.458860
-0.613810 -1.720555 1.458860
-0.613810 -1.720555 2.458860
0.386190 -1.720555 -3.541140
0.386190 -1.720555 -2.541140
0.386190 -1.720555 -1.541140
0.386190 -1.720555 -0.541140
0.386190 -1.720555 0.458860
0.386190 -1.720555 1.458860
0.386190 -1.720555 2.458860
1.386190 -1.720555 -3.541140
1.386190 -1.720555 -2.541140
1.386190 -1.720555 -1.541140
1.386190 -1.720555 -0.541140
1.386190 -1.720555 0.458860
1.386190 -1.720555 1.458860
1.386190 -1.720555 2.458860
2.386190 -1.720555 -3.541140
2.386190 -1.720555 -2.541140
2.386190 -1.720555 -1.541140
2.386190 -1.720555 -0.541140
2.386190 -1.720555 0.458860
2.386190 -1.720555 1.458860
2.386190 -1.720555 2.458860
3.386190 -1.720555 -3.541140
3.386190 -1.720555 -2.541140
3.386190 -1.720555 -1.541140
3.386190 -1.720555 -0.541140
3.386190 -1.720555 0.458860
3.386190 -1.720555 1.458860
3.386190 -1.720555 2.458860
4.386190 -1.720555 -3.541140
4.386190 -1.720555 -2.541140
4.386190 -1.720555 -1.541140
4.386190 -1.720555 -0.541140
4.386190 -1.720555 0.458860
4.386190 -1.720555 1.458860
4.386190 -1.720555 2.458860
5.386190 -1.720555 -3.541140
5.386190 -1.720555 -2.541140
5.386190 -1.720555 -1.541140
5.386190 -1.720555 -0.541140
5.386190 -1.720555 0.458860
5.386190 -1.720555 1.458860
5.386190 -1.720555 2.458860
6.386190 -1.720555 -3.541140
6.386190 -1.720555 -2.541140
6.386190 -1.720555 -1.541140
6.386190 -1.720555 -0.541140
6.386190 -1.720555 0.458860
6.386190 -1.720555 1.458860
6.386190 -1.720555 2.458860
-6.613810 -0.720555 -3.541140
-6.613810 -0.720555 -2.541140
-6.613810 -0.720555 -1.541140
-6.613810 -0.720555 -0.541140
-6.613810 -0.720555 0.458860
-6.613810 -0.720555 1.458860
-6.613810 -0.720555 2.458860
-5.613810 -0.720555 -3.541140
-5.613810 -0.720555 -2.541140
-5.613810 -0.720555 -1.541140
-5.613810 -0.720555 -0.541140
-5.613810 -0.720555 0.458860
-5.613810 -0.720555 1.458860
-5.613810 -0.720555 2.458860
-4.613810 -0.720555 -3.541140
-4.613810 -0.720555 -2.541140
-4.613810 -0.720555 -1.541140
-4.613810 -0.720555 -0.541140
-4.613810 -0.720555 0.458860
-4.613810 -0.720555 1.458860
-4.613810 -0.720555 2.458860
-3.613810 -0.720555 -3.541140
-3.613810 -0.720555 -2.541140
-3.613810 -0.720555 -1.541140
-3.613810 -0.720555 -0.541140
-3.613810 -0.720555 0.458860
-3.613810 -0.720555 1.458860
-3.613810 -0.720555 2.458860
-2.613810 -0.720555 -3.541140
-2.613810 -0.720555 -2.541140
-2.613810 -0.720555 -1.541140
-2.613810 -0.720555 -0.541140
-2.613810 -0.720555 0.458860
-2.613810 -0.720555 1.458860
-2.613810 -0.720555 2.458860
-1.613810 -0.720555 -3.541140
-1.613810 -0.720555 -2.541140
-1.613810 -0.720555 -1.541140
-1.613810 -0.720555 -0.541140
-1.613810 -0.720555 0.458860
-1.613810 -0.720555 1.458860
-1.613810 -0.720555 2.458860
-0.613810 -0.720555 -3.541140
-0.613810 -0.720555 -2.541140
-0.613810 -0.720555 -1.541140
-0.613810 -0.720555 -0.541140
-0.613810 -0.720555 0.458860
-0.613810 -0.720555 1.458860
-0.613810 -0.720555 2.458860
0.386190 -0.720555 -3.541140
0.386190 -0.720555 -2.541140
0.386190 -0.720555 -1.541140
0.386190 -0.720555 -0.541140
0.386190 -0.720555 0.458860
0.386190 -0.720555 1.458860
0.386190 -0.720555 2.458860
1.386190 -0.720555 -3.541140
1.386190 -0.720555 -2.541140
1.386190 -0.720555 -1.541140
1.386190 -0.720555 -0.541140
1.386190 -0.720555 0.458860
1.386190 -0.720555 1.458860
1.386190 -0.720555 2.458860
2.386190 -0.720555 -3.541140
2.386190 -0.720555 -2.541140
2.386190 -0.720555 -1.541140
2.386190 -0.720555 -0.541140
2.386190 -0.720555 0.458860
2.386190 -0.720555 1.458860
2.386190 -0.720555 2.458860
3.386190 -0.720555 -3.541140
3.386190 -0.720555 -2.541140
3.386190 -0.720555 -1.541140
3.386190 -0.720555 -0.541140
3.386190 -0.720555 0.458860
3.386190 -0.720555 1.458860
3.386190 -0.720555 2.458860
4.386190 -0.720555 -3.541140
4.386190 -0.720555 -2.541140
4.386190 -0.720555 -1.541140
4.386190 -0.720555 -0.541140
4.386190 -0.720555 0.458860
4.386190 -0.720555 1.458860
4.386190 -0.720555 2.458860
5.386190 -0.720555 -3.541140
5.386190 -0.720555 -2.541140
5.386190 -0.720555 -1.541140
5.386190 -0.720555 -0.541140
5.386190 -0.720555 0.458860
5.386190 -0.720555 1.458860
5.386190 -0.720555 2.458860
6.386190 -0.720555 -3.541140
6.386190 -0.720555 -2.541140
6.386190 -0.720555 -1.541140
6.386190 -0.720555 -0.541140
6.386190 -0.720555 0.458860
6.386190 -0.720555 1.458860
6.386190 -0.720555 2.458860
-6.613810 0.279445 -3.541140
-6.613810 0.279445 -2.541140
-6.613810 0.279445 -1.541140
-6.613810 0.279445 -0.541140
-6.613810 0.279445 0.458860
-6.613810 0.279445 1.458860
-6.613810 0.279445 2.458860
-5.613810 0.279445 -3.541140
-5.613810 0.279445 -2.541140
-5.613810 0.279445 -1.541140
-5.613810 0.279445 -0.541140
-5.613810 0.279445 0.458860
-5.613810 0.279445 1.458860
-5.613810 0.279445 2.458860
-4.613810 0.279445 -3.541140
-4.613810 0.279445 -2.541140
-4.613810 0.279445 -1.541140
-4.613810 0.279445 -0.541140
-4.613810 0.279445 0.458860
-4.613810 0.279445 1.458860
-4.613810 0.279445 2.458860
-3.613810 0.279445 -3.541140
-3.613810 0.279445 -2.541140
-3.613810 0.279445 -1.541140
-3.613810 0.279445 -0.541140
-3.613810 0.279445 0.458860
-3.613810 0.279445 1.458860
-3.613810 0.279445 2.458860
-2.613810 0.279445 -3.541140
-2.613810 0.279445 -2.541140
-2.613810 0.279445 -1.541140
-2.613810 0.279445 -0.541140
-2.613810 0.279445 0.458860
-2.613810 0.279445 1.458860
-2.613810 0.279445 2.458860
-1.613810 0.279445 -3.541140
-1.613810 0.279445 -2.541140
-1.613810 0.279445 -1.541140
-1.613810 0.279445 -0.541140
-1.613810 0.279445 0.458860
-1.613810 0.279445 1.458860
-1.613810 0.279445 2.458860
-0.613810 0.279445 -3.541140
-0.613810 0.279445 -2.541140
-0.613810 0.279445 -1.541140
-0.613810 0.279445 -0.541140
-0.613810 0.279445 0.458860
-0.613810 0.279445 1.458860
-0.613810 0.279445 2.458860
0.386190 0.279445 -3.541140
0.386190 0.279445 -2.541140
0.386190 0.279445 -1.541140
0.386190 0.279445 -0.541140
0.386190 0.279445 0.458860
0.386190 0.279445 1.458860
0.386190 0.279445 2.458860
1.386190 0.279445 -3.541140
1.386190 0.279445 -2.541140
1.386190 0.279445 -1.541140
1.386190 0.279445 -0.541140
1.386190 0.279445 0.458860
1.386190 0.279445 1.458860
1.386190 0.279445 2.458860
2.386190 0.279445 -3.541140
2.386190 0.279445 -2.541140
2.386190 0.279445 -1.541140
2.386190 0.279445 -0.541140
2.386190 0.279445 0.458860
2.386190 0.279445 1.458860
2.386190 0.279445 2.458860
3.386190 0.279445 -3.541140
3.386190 0.279445 -2.541140
3.386190 0.279445 -1.541140
3.386190 0.279445 -0.541140
3.386190 0.279445 0.458860
3.386190 0.279445 1.458860
3.386190 0.279445 2.458860
4.386190 0.279445 -3.541140
4.386190 0.279445 -2.541140
4.386190 0.279445 -1.541140
4.386190 0.279445 -0.541140
4.386190 0.279445 0.458860
4.386190 0.279445 1.458860
4.386190 0.279445 2.458860
5.386190 0.279445 -3.541140
5.386190 0.279445 -2.541140
5.386190 0.279445 -1.541140
5.386190 0.279445 -0.541140
5.386190 0.279445 0.458860
5.386190 0.279445 1.458860
5.386190 0.279445 2.458860
6.386190 0.279445 -3.541140
6.386190 0.279445 -2.541140
6.386190 0.279445 -1.541140
6.386190 0.279445 -0.541140
6.386190 0.279445 0.458860
6.386190 0.279445 1.458860
6.386190 0.279445 2.458860
-6.613810 1.279445 -3.541140
-6.613810 1.279445 -2.541140
-6.613810 1.279445 -1.541140
-6.613810 1.279445 -0.541140
-6.613810 1.279445 0.458860
-6.613810 1.279445 1.458860
-6.613810 1.279445 2.458860
-5.613810 1.279445 -3.541140
-5.613810 1.279445 -2.541140
-5.613810 1.279445 -1.541140
-5.613810 1.279445 -0.541140
-5.613810 1.279445 0.458860
-5.613810 1.279445 1.458860
-5.613810 1.279445 2.458860
-4.613810 1.279445 -3.541140
-4.613810 1.279445 -2.541140
-4.613810 1.279445 -1.541140
-4.613810 1.279445 -0.541140
-4.613810 1.279445 0.458860
-4.613810 1.279445 1.458860
-4.613810 1.279445 2.458860
-3.613810 1.279445 -3.541140
-3.613810 1.279445 -2.541140
-3.613810 1.279445 -1.541140
-3.613810 1.279445 -0.541140
-3.613810 1.279445 0.458860
-3.613810 1.279445 1.458860
-3.613810 1.279445 2.458860
-2.613810 1.279445 -3.541140
-2.613810 1.279445 -2.541140
-2.613810 1.279445 -1.541140
-2.613810 1.279445 -0.541140
-2.613810 1.279445 0.458860
-2.613810 1.279445 1.458860
-2.613810 1.279445 2.458860
-1.613810 1.279445 -3.541140
-1.613810 1.279445 -2.541140
-1.613810 1.279445 -1.541140
-1.613810 1.279445 -0.541140
-1.613810 1.279445 0.458860
-1.613810 1.279445 1.458860
-1.613810 1.279445 2.458860
-0.613810 1.279445 -3.541140
-0.613810 1.279445 -2.541140
-0.613810 1.279445 -1.541140
-0.613810 1.279445 -0.541140
-0.613810 1.279445 0.458860
-0.613810 1.279445 1.458860
-0.613810 1.279445 2.458860
0.386190 1.279445 -3.541140
0.386190 1.279445 -2.541140
0.386190 1.279445 -1.541140
0.386190 1.279445 -0.541140
0.386190 1.279445 0.458860
0.386190 1.279445 1.458860
0.386190 1.279445 2.458860
1.386190 1.279445 -3.541140
1.386190 1.279445 -2.541140
1.386190 1.279445 -1.541140
1.386190 1.279445 -0.541140
1.386190 1.279445 0.458860
1.386190 1.279445 1.458860
1.386190 1.279445 2.458860
2.386190 1.279445 -3.541140
2.386190 1.279445 -2.541140
2.386190 1.279445 -1.541140
2.386190 1.279445 -0.541140
2.386190 1.279445 0.458860
2.386190 1.279445 1.458860
2.386190 1.279445 2.458860
3.386190 1.279445 -3.541140
3.386190 1.279445 -2.541140
3.386190 1.279445 -1.541140
3.386190 1.279445 -0.541140
3.386190 1.279445 0.458860
3.386190 1.279445 1.458860
3.386190 1.279445 2.458860
4.386190 1.279445 -3.541140
4.386190 1.279445 -2.541140
4.386190 1.279445 -1.541140
4.386190 1.279445 -0.541140
4.386190 1.279445 0.458860
4.386190 1.279445 1.458860
4.386190 1.279445 2.458860
5.386190 1.279445 -3.541140
5.386190 1.279445 -2.541140
5.386190 1.279445 -1.541140
5.386190 1.279445 -0.541140
5.386190 1.279445 0.458860
5.386190 1.279445 1.458860
5.386190 1.279445 2.458860
6.386190 1.279445 -3.541140
6.386190 1.279445 -2.541140
6.386190 1.279445 -1.541140
6.386190 1.279445 -0.541140
6.386190 1.279445 0.458860
6.386190 1.279445 1.458860
6.386190 1.279445 2.458860
-6.613810 2.279445 -3.541140
-6.613810 2.279445 -2.541140
-6.613810 2.279445 -1.541140
-6.613810 2.279445 -0.541140
-6.613810 2.279445 0.458860
-6.613810 2.279445 1.458860
-6.613810 2.279445 2.458860
-5.613810 2.279445 -3.541140
-5.613810 2.279445 -2.541140
-5.613810 2.279445 -1.541140
-5.613810 2.279445 -0.541140
-5.613810 2.279445 0.458860
-5.613810 2.279445 1.458860
-5.613810 2.279445 2.458860
-4.613810 2.279445 -3.541140
-4.613810 2.279445 -2.541140
-4.613810 2.279445 -1.541140
-4.613810 2.279445 -0.541140
-4.613810 2.279445 0.458860
-4.613810 2.279445 1.458860
-4.613810 2.279445 2.458860
-3.613810 2.279445 -3.541140
-3.613810 2.279445 -2.541140
-3.613810 2.279445 -1.541140
-3.613810 2.279445 -0.541140
-3.613810 2.279445 0.458860
-3.613810 2.279445 1.458860
-3.613810 2.279445 2.458860
-2.613810 2.279445 -3.541140
-2.613810 2.279445 -2.541140
-2.613810 2.279445 -1.541140
-2.613810 2.279445 -0.541140
-2.613810 2.279445 0.458860
-2.613810 2.279445 1.458860
-2.613810 2.279445 2.458860
-1.613810 2.279445 -3.541140
-1.613810 2.279445 -2.541140
-1.613810 2.279445 -1.541140
-1.613810 2.279445 -0.541140
-1.613810 2.279445 0.458860
-1.613810 2.279445 1.458860
-1.613810 2.279445 2.458860
-0.613810 2.279445 -3.541140
-0.613810 2.279445 -2.541140
-0.613810 2.279445 -1.541140
-0.613810 2.279445 -0.541140
-0.613810 2.279445 0.458860
-0.613810 2.279445 1.458860
-0.613810 2.279445 2.458860
0.386190 2.279445 -3.541140
0.386190 2.279445 -2.541140
0.386190 2.279445 -1.541140
0.386190 2.279445 -0.541140
0.386190 2.279445 0.458860
0.386190 2.279445 1.458860
0.386190 2.279445 2.458860
1.386190 2.279445 -3.541140
1.386190 2.279445 -2.541140
1.386190 2.279445 -1.541140
1.386190 2.279445 -0.541140
1.386190 2.279445 0.458860
1.386190 2.279445 1.458860
1.386190 2.279445 2.458860
2.386190 2.279445 -3.541140
2.386190 2.279445 -2.541140
2.386190 2.279445 -1.541140
2.386190 2.279445 -0.541140
2.386190 2.279445 0.458860
2.386190 2.279445 1.458860
2.386190 2.279445 2.458860
3.386190 2.279445 -3.541140
3.386190 2.279445 -2.541140
3.386190 2.279445 -1.541140
3.386190 2.279445 -0.541140
3.386190 2.279445 0.458860
3.386190 2.279445 1.458860
3.386190 2.279445 2.458860
4.386190 2.279445 -3.541140
4.386190 2.279445 -2.541140
4.386190 2.279445 -1.541140
4.386190 2.279445 -0.541140
4.386190 2.279445 0.458860
4.386190 2.279445 1.458860
4.386190 2.279445 2.458860
5.386190 2.279445 -3.541140
5.386190 2.279445 -2.541140
5.386190 2.279445 -1.541140
5.386190 2.279445 -0.541140
5.386190 2.279445 0.458860
5.386190 2.279445 1.458860
5.386190 2.279445 2.458860
6.386190 2.279445 -3.541140
6.386190 2.279445 -2.541140
6.386190 2.279445 -1.541140
6.386190 2.279445 -0.541140
6.386190 2.279445 0.458860
6.386190 2.279445 1.458860
6.386190 2.279445 2.458860
-6.613810 3.279445 -3.541140
-6.613810 3.279445 -2.541140
-6.613810 3.279445 -1.541140
-6.613810 3.279445 -0.541140
-6.613810 3.279445 0.458860
-6.613810 3.279445 1.458860
-6.613810 3.279445 2.458860
-5.613810 3.279445 -3.541140
-5.613810 3.279445 -2.541140
-5.613810 3.279445 -1.541140
-5.613810 3.279445 -0.541140
-5.613810 3.279445 0.458860
-5.613810 3.279445 1.458860
-5.613810 3.279445 2.458860
-4.613810 3.279445 -3.541140
-4.613810 3.279445 -2.541140
-4.613810 3.279445 -1.541140
-4.613810 3.279445 -0.541140
-4.613810 3.279445 0.458860
-4.613810 3.279445 1.458860
-4.613810 3.279445 2.458860
-3.613810 3.279445 -3.541140
-3.613810 3.279445 -2.541140
-3.613810 3.279445 -1.541140
-3.613810 3.279445 -0.541140
-3.613810 3.279445 0.458860
-3.613810 3.279445 1.458860
-3.613810 3.279445 2.458860
-2.613810 3.279445 -3.541140
-2.613810 3.279445 -2.541140
-2.613810 3.279445 -1.541140
-2.613810 3.279445 -0.541140
-2.613810 3.279445 0.458860
-2.613810 3.279445 1.458860
-2.613810 3.279445 2.458860
-1.613810 3.279445 -3.541140
-1.613810 3.279445 -2.541140
-1.613810 3.279445 -1.541140
-1.613810 3.279445 -0.541140
-1.613810 3.279445 0.458860
-1.613810 3.279445 1.458860
-1.613810 3.279445 2.458860
-0.613810 3.279445 -3.541140
-0.613810 3.279445 -2.541140
-0.613810 3.279445 -1.541140
-0.613810 3.279445 -0.541140
-0.613810 3.279445 0.458860
-0.613810 3.279445 1.458860
-0.613810 3.279445 2.458860
0.386190 3.279445 -3.541140
0.386190 3.279445 -2.541140
0.386190 3.279445 -1.541140
0.386190 3.279445 -0.541140
0.386190 3.279445 0.458860
0.386190 3.279445 1.458860
0.386190 3.279445 2.458860
1.386190 3.279445 -3.541140
1.386190 3.279445 -2.541140
1.386190 3.279445 -1.541140
1.386190 3.279445 -0.541140
1.386190 3.279445 0.458860
1.386190 3.279445 1.458860
1.386190 3.279445 2.458860
2.386190 3.279445 -3.541140
2.386190 3.279445 -2.541140
2.386190 3.279445 -1.541140
2.386190 3.279445 -0.541140
2.386190 3.279445 0.458860
2.386190 3.279445 1.458860
2.386190 3.279445 2.458860
3.386190 3.279445 -3.541140
3.386190 3.279445 -2.541140
3.386190 3.279445 -1.541140
3.386190 3.279445 -0.541140
3.386190 3.279445 0.458860
3.386190 3.279445 1.458860
3.386190 3.279445 2.458860
4.386190 3.279445 -3.541140
4.386190 3.279445 -2.541140
4.386190 3.279445 -1.541140
4.386190 3.279445 -0.541140
4.386190 3.279445 0.458860
4.386190 3.279445 1.458860
4.386190 3.279445 2.458860
5.386190 3.279445 -3.541140
5.386190 3.279445 -2.541140
5.386190 3.279445 -1.541140
5.386190 3.279445 -0.541140
5.386190 3.279445 0.458860
5.386190 3.279445 1.458860
5.386190 3.279445 2.458860
6.386190 3.279445 -3.541140
6.386190 3.279445 -2.541140
6.386190 3.279445 -1.541140
6.386190 3.279445 -0.541140
6.386190 3.279445 0.458860
6.386190 3.279445 1.458860
6.386190 3.279445 2.458860
