9.663725 20.480750 31.787500
9.663725 20.480750 32.787500
9.663725 20.480750 33.787500
9.663725 20.480750 34.787500
9.663725 20.480750 35.787500
9.663725 20.480750 36.787500
9.663725 20.480750 37.787500
10.663725 20.480750 31.787500
10.663725 20.480750 32.787500
10.663725 20.480750 33.787500
10.663725 20.480750 34.787500
10.663725 20.480750 35.787500
10.663725 20.480750 36.787500
10.663725 20.480750 37.787500
11.663725 20.480750 31.787500
11.663725 20.480750 32.787500
11.663725 20.480750 33.787500
11.663725 20.480750 34.787500
11.663725 20.480750 35.787500
11.663725 20.480750 36.787500
11.663725 20.480750 37.787500
12.663725 20.480750 31.787500
12.663725 20.480750 32.787500
12.663725 20.480750 33.787500
12.663725 20.480750 34.787500
12.663725 20.480750 35.787500
12.663725 20.480750 36.787500
12.663725 20.480750 37.787500
13.663725 20.480750 31.787500
13.663725 20.480750 32.787500
13.663725 20.480750 33.787500
13.663725 20.480750 34.787500
13.663725 20.480750 35.787500
13.663725 20.480750 36.787500
13.663725 20.480750 37.787500
14.663725 20.480750 31.787500
14.663725 20.480750 32.787500
14.663725 20.480750 33.787500
14.663725 20.480750 34.787500
14.663725 20.480750 35.787500
14.663725 20.480750 36.787500
14.663725 20.480750 37.787500
15.663725 20.480750 31.787500
15.663725 20.480750 32.787500
15.663725 20.480750 33.787500
15.663725 20.480750 34.787500
15.663725 20.480750 35.787500
15.663725 20.480750 36.787500
15.663725 20.480750 37.787500
16.663725 20.480750 31.787500
16.663725 20.480750 32.787500
16.663725 20.480750 33.787500
16.663725 20.480750 34.787500
16.663725 20.480750 35.787500
16.663725 20.480750 36.787500
16.663725 20.480750 37.787500
17.663725 20.480750 31.787500
17.663725 20.480750 32.787500
17.663725 20.480750 33.787500
17.663725 20.480750 34.787500
17.663725 20.480750 35.787500
17.663725 20.480750 36.787500
17.663725 20.480750 37.787500
18.663725 20.480750 31.787500
18.663725 20.480750 32.787500
18.663725 20.480750 33.787500
18.663725 20.480750 34.787500
18.663725 20.480750 35.787500
18.663725 20.480750 36.787500
18.663725 20.480750 37.787500
19.663725 20.480750 31.787500
19.663725 20.480750 32.787500
19.663725 20.480750 33.787500
19.663725 20.480750 34.787500
19.663725 20.480750 35.787500
19.663725 20.480750 36.787500
19.663725 20.480750 37.787500
20.663725 20.480750 31.787500
20.663725 20.480750 32.787500
20.663725 20.480750 33.787500
20.663725 20.480750 34.787500
20.663725 20.480750 35.787500
20.663725 20.480750 36.787500
20.663725 20.480750 37.787500
21.663725 20.480750 31.787500
21.663725 20.480750 32.787500
21.663725 20.480750 33.787500
21.663725 20.480750 34.787500
21.663725 20.480750 35.787500
21.663725 20.480750 36.787500
21.663725 20.480750 37.787500
9.663725 21.480750 31.787500
9.663725 21.480750 32.787500
9.663725 21.480750 33.787500
9.663725 21.480750 34.787500
9.663725 21.480750 35.787500
9.663725 21.480750 36.787500
9.663725 21.480750 37.787500
10.663725 21.480750 31.787500
10.663725 21.480750 32.787500
10.663725 21.480750 33.787500
10.663725 21.480750 34.787500
10.663725 21.480750 35.787500
10.663725 21.480750 36.787500
10.663725 21.480750 37.787500
11.663725 21.480750 31.787500
11.663725 21.480750 32.787500
11.663725 21.480750 33.787500
11.663725 21.480750 34.787500
11.663725 21.480750 35.787500
11.663725 21.480750 36.787500
11.663725 21.480750 37.787500
12.663725 21.480750 31.787500
12.663725 21.480750 32.787500
12.663725 21.480750 33.787500
12.663725 21.480750 34.787500
12.663725 21.480750 35.787500
12.663725 21.480750 36.787500
12.663725 21.480750 37.787500
13.663725 21.480750 31.787500
13.663725 21.480750 32.787500
13.663725 21.480750 33.787500
13.663725 21.480750 34.787500
13.663725 21.480750 35.787500
13.663725 21.480750 36.787500
13.663725 21.480750 37.787500
14.663725 21.480750 31.787500
14.663725 21.480750 32.787500
14.663725 21.480750 33.787500
14.663725 21.480750 34.787500
14.663725 21.480750 35.787500
14.663725 21.480750 36.787500
14.663725 21.480750 37.787500
15.663725 21.480750 31.787500
15.663725 21.480750 32.787500
15.663725 21.480750 33.787500
15.663725 21.480750 34.787500
15.663725 21.480750 35.787500
15.663725 21.480750 36.787500
15.663725 21.480750 37.787500
16.663725 21.480750 31.787500
16.663725 21.480750 32.787500
16.663725 21.480750 33.787500
16.663725 21.480750 34.787500
16.663725 21.480750 35.787500
16.663725 21.480750 36.787500
16.663725 21.480750 37.787500
17.663725 21.480750 31.787500
17.663725 21.480750 32.787500
17.663725 21.480750 33.787500
17.663725 21.480750 34.787500
17.663725 21.480750 35.787500
17.663725 21.480750 36.787500
17.663725 21.480750 37.787500
18.663725 21.480750 31.787500
18.663725 21.480750 32.787500
18.663725 21.480750 33.787500
18.663725 21.480750 34.787500
18.663725 21.480750 35.787500
18.663725 21.480750 36.787500
18.663725 21.480750 37.787500
19.663725 21.480750 31.787500
19.663725 21.480750 32.787500
19.663725 21.480750 33.787500
19.663725 21.480750 34.787500
19.663725 21.480750 35.787500
19.663725 21.480750 36.787500
19.663725 21.480750 37.787500
20.663725 21.480750 31.787500
20.663725 21.480750 32.787500
20.663725 21.480750 33.787500
20.663725 21.480750 34.787500
20.663725 21.480750 35.787500
20.663725 21.480750 36.787500
20.663725 21.480750 37.787500
21.663725 21.480750 31.787500
21.663725 21.480750 32.787500
21.663725 21.480750 33.787500
21.663725 21.480750 34.787500
21.663725 21.480750 35.787500
21.663725 21.480750 36.787500
21.663725 21.480750 37.787500
9.663725 22.480750 31.787500
9.663725 22.480750 32.787500
9.663725 22.480750 33.787500
9.663725 22.480750 34.787500
9.663725 22.480750 35.787500
9.663725 22.480750 36.787500
9.663725 22.480750 37.787500
10.663725 22.480750 31.787500
10.663725 22.480750 32.787500
10.663725 22.480750 33.787500
10.663725 22.480750 34.787500
10.663725 22.480750 35.787500
10.663725 22.480750 36.787500
10.663725 22.480750 37.787500
11.663725 22.480750 31.787500
11.663725 22.480750 32.787500
11.663725 22.480750 33.787500
11.663725 22.480750 34.787500
11.663725 22.480750 35.787500
11.663725 22.480750 36.787500
11.663725 22.480750 37.787500
12.663725 22.480750 31.787500
12.663725 22.480750 32.787500
12.663725 22.480750 33.787500
12.663725 22.480750 34.787500
12.663725 22.480750 35.787500
12.663725 22.480750 36.787500
12.663725 22.480750 37.787500
13.663725 22.480750 31.787500
13.663725 22.480750 32.787500
13.663725 22.480750 33.787500
13.663725 22.480750 34.787500
13.663725 22.480750 35.787500
13.663725 22.480750 36.787500
13.663725 22.480750 37.787500
14.663725 22.480750 31.787500
14.663725 22.480750 32.787500
14.663725 22.480750 33.787500
14.663725 22.480750 34.787500
14.663725 22.480750 35.787500
14.663725 22.480750 36.787500
14.663725 22.480750 37.787500
15.663725 22.480750 31.787500
15.663725 22.480750 32.787500
15.663725 22.480750 33.787500
15.663725 22.480750 34.787500
15.663725 22.480750 35.787500
15.663725 22.480750 36.787500
15.663725 22.480750 37.787500
16.663725 22.480750 31.787500
16.663725 22.480750 32.787500
16.663725 22.480750 33.787500
16.663725 22.480750 34.787500
16.663725 22.480750 35.787500
16.663725 22.480750 36.787500
16.663725 22.480750 37.787500
17.663725 22.480750 31.787500
17.663725 22.480750 32.787500
17.663725 22.480750 33.787500
17.663725 22.480750 34.787500
17.663725 22.480750 35.787500
17.663725 22.480750 36.787500
17.663725 22.480750 37.787500
18.663725 22.480750 31.787500
18.663725 22.480750 32.787500
18.663725 22.480750 33.787500
18.663725 22.480750 34.787500
18.663725 22.480750 35.787500
18.663725 22.480750 36.787500
18.663725 22.480750 37.787500
19.663725 22.480750 31.787500
19.663725 22.480750 32.787500
19.663725 22.480750 33.787500
19.663725 22.480750 34.787500
19.663725 22.480750 35.787500
19.663725 22.480750 36.787500
19.663725 22.480750 37.787500
20.663725 22.480750 31.787500
20.663725 22.480750 32.787500
20.663725 22.480750 33.787500
20.663725 22.480750 34.787500
20.663725 22.480750 35.787500
20.663725 22.480750 36.787500
20.663725 22.480750 37.787500
21.663725 22.480750 31.787500
21.663725 22.480750 32.787500
21.663725 22.480750 33.787500
21.663725 22.480750 34.787500
21.663725 22.480750 35.787500
21.663725 22.480750 36.787500
21.663725 22.480750 37.787500
9.663725 23.480750 31.787500
9.663725 23.480750 32.787500
9.663725 23.480750 33.787500
9.663725 23.480750 34.787500
9.663725 23.480750 35.787500
9.663725 23.480750 36.787500
9.663725 23.480750 37.787500
10.663725 23.480750 31.787500
10.663725 23.480750 32.787500
10.663725 23.480750 33.787500
10.663725 23.480750 34.787500
10.663725 23.480750 35.787500
10.663725 23.480750 36.787500
10.663725 23.480750 37.787500
11.663725 23.480750 31.787500
11.663725 23.480750 32.787500
11.663725 23.480750 33.787500
11.663725 23.480750 34.787500
11.663725 23.480750 35.787500
11.663725 23.480750 36.787500
11.663725 23.480750 37.787500
12.663725 23.480750 31.787500
12.663725 23.480750 32.787500
12.663725 23.480750 33.787500
12.663725 23.480750 34.787500
12.663725 23.480750 35.787500
12.663725 23.480750 36.787500
12.663725 23.480750 37.787500
13.663725 23.480750 31.787500
13.663725 23.480750 32.787500
13.663725 23.480750 33.787500
13.663725 23.480750 34.787500
13.663725 23.480750 35.787500
13.663725 23.480750 36.787500
13.663725 23.480750 37.787500
14.663725 23.480750 31.787500
14.663725 23.480750 32.787500
14.663725 23.480750 33.787500
14.663725 23.480750 34.787500
14.663725 23.480750 35.787500
14.663725 23.480750 36.787500
14.663725 23.480750 37.787500
15.663725 23.480750 31.787500
15.663725 23.480750 32.787500
15.663725 23.480750 33.787500
15.663725 23.480750 34.787500
15.663725 23.480750 35.787500
15.663725 23.480750 36.787500
15.663725 23.480750 37.787500
16.663725 23.480750 31.787500
16.663725 23.480750 32.787500
16.663725 23.480750 33.787500
16.663725 23.480750 34.787500
16.663725 23.480750 35.787500
16.663725 23.480750 36.787500
16.663725 23.480750 37.787500
17.663725 23.480750 31.787500
17.663725 23.480750 32.787500
17.663725 23.480750 33.787500
17.663725 23.480750 34.787500
17.663725 23.480750 35.787500
17.663725 23.480750 36.787500
17.663725 23.480750 37.787500
18.663725 23.480750 31.787500
18.663725 23.480750 32.787500
18.663725 23.480750 33.787500
18.663725 23.480750 34.787500
18.663725 23.480750 35.787500
18.663725 23.480750 36.787500
18.663725 23.480750 37.787500
19.663725 23.480750 31.787500
19.663725 23.480750 32.787500
19.663725 23.480750 33.787500
19.663725 23.480750 34.787500
19.663725 23.480750 35.787500
19.663725 23.480750 36.787500
19.663725 23.480750 37.787500
20.663725 23.480750 31.787500
20.663725 23.480750 32.787500
20.663725 23.480750 33.787500
20.663725 23.480750 34.787500
20.663725 23.480750 35.787500
20.663725 23.480750 36.787500
20.663725 23.480750 37.787500
21.663725 23.480750 31.787500
21.663725 23.480750 32.787500
21.663725 23.480750 33.787500
21.663725 23.480750 34.787500
21.663725 23.480750 35.787500
21.663725 23.480750 36.787500
21.663725 23.480750 37.787500
9.663725 24.480750 31.787500
9.663725 24.480750 32.787500
9.663725 24.480750 33.787500
9.663725 24.480750 34.787500
9.663725 24.480750 35.787500
9.663725 24.480750 36.787500
9.663725 24.480750 37.787500
10.663725 24.480750 31.787500
10.663725 24.480750 32.787500
10.663725 24.480750 33.787500
10.663725 24.480750 34.787500
10.663725 24.480750 35.787500
10.663725 24.480750 36.787500
10.663725 24.480750 37.787500
11.663725 24.480750 31.787500
11.663725 24.480750 32.787500
11.663725 24.480750 33.787500
11.663725 24.480750 34.787500
11.663725 24.480750 35.787500
11.663725 24.480750 36.787500
11.663725 24.480750 37.787500
12.663725 24.480750 31.787500
12.663725 24.480750 32.787500
12.663725 24.480750 33.787500
12.663725 24.480750 34.787500
12.663725 24.480750 35.787500
12.663725 24.480750 36.787500
12.663725 24.480750 37.787500
13.663725 24.480750 31.787500
13.663725 24.480750 32.787500
13.663725 24.480750 33.787500
13.663725 24.480750 34.787500
13.663725 24.480750 35.787500
13.663725 24.480750 36.787500
13.663725 24.480750 37.787500
14.663725 24.480750 31.787500
14.663725 24.480750 32.787500
14.663725 24.480750 33.787500
14.663725 24.480750 34.787500
14.663725 24.480750 35.787500
14.663725 24.480750 36.787500
14.663725 24.480750 37.787500
15.663725 24.480750 31.787500
15.663725 24.480750 32.787500
15.663725 24.480750 33.787500
15.663725 24.480750 34.787500
15.663725 24.480750 35.787500
15.663725 24.480750 36.787500
15.663725 24.480750 37.787500
16.663725 24.480750 31.787500
16.663725 24.480750 32.787500
16.663725 24.480750 33.787500
16.663725 24.480750 34.787500
16.663725 24.480750 35.787500
16.663725 24.480750 36.787500
16.663725 24.480750 37.787500
17.663725 24.480750 31.787500
17.663725 24.480750 32.787500
17.663725 24.480750 33.787500
17.663725 24.480750 34.787500
17.663725 24.480750 35.787500
17.663725 24.480750 36.787500
17.663725 24.480750 37.787500
18.663725 24.480750 31.787500
18.663725 24.480750 32.787500
18.663725 24.480750 33.787500
18.663725 24.480750 34.787500
18.663725 24.480750 35.787500
18.663725 24.480750 36.787500
18.663725 24.480750 37.787500
19.663725 24.480750 31.787500
19.663725 24.480750 32.787500
19.663725 24.480750 33.787500
19.663725 24.480750 34.787500
19.663725 24.480750 35.787500
19.663725 24.480750 36.787500
19.663725 24.480750 37.787500
20.663725 24.480750 31.787500
20.663725 24.480750 32.787500
20.663725 24.480750 33.787500
20.663725 24.480750 34.787500
20.663725 24.480750 35.787500
20.663725 24.480750 36.787500
20.663725 24.480750 37.787500
21.663725 24.480750 31.787500
21.663725 24.480750 32.787500
21.663725 24.480750 33.787500
21.663725 24.480750 34.787500
21.663725 24.480750 35.787500
21.663725 24.480750 36.787500
21.663725 24.480750 37.787500
9.663725 25.480750 31.787500
9.663725 25.480750 32.787500
9.663725 25.480750 33.787500
9.663725 25.480750 34.787500
9.663725 25.480750 35.787500
9.663725 25.480750 36.787500
9.663725 25.480750 37.787500
10.663725 25.480750 31.787500
10.663725 25.480750 32.787500
10.663725 25.480750 33.787500
10.663725 25.480750 34.787500
10.663725 25.480750 35.787500
10.663725 25.480750 36.787500
10.663725 25.480750 37.787500
11.663725 25.480750 31.787500
11.663725 25.480750 32.787500
11.663725 25.480750 33.787500
11.663725 25.480750 34.787500
11.663725 25.480750 35.787500
11.663725 25.480750 36.787500
11.663725 25.480750 37.787500
12.663725 25.480750 31.787500
12.663725 25.480750 32.787500
12.663725 25.480750 33.787500
12.663725 25.480750 34.787500
12.663725 25.480750 35.787500
12.663725 25.480750 36.787500
12.663725 25.480750 37.787500
13.663725 25.480750 31.787500
13.663725 25.480750 32.787500
13.663725 25.480750 33.787500
13.663725 25.480750 34.787500
13.663725 25.480750 35.787500
13.663725 25.480750 36.787500
13.663725 25.480750 37.787500
14.663725 25.480750 31.787500
14.663725 25.480750 32.787500
14.663725 25.480750 33.787500
14.663725 25.480750 34.787500
14.663725 25.480750 35.787500
14.663725 25.480750 36.787500
14.663725 25.480750 37.787500
15.663725 25.480750 31.787500
15.663725 25.480750 32.787500
15.663725 25.480750 33.787500
15.663725 25.480750 34.787500
15.663725 25.480750 35.787500
15.663725 25.480750 36.787500
15.663725 25.480750 37.787500
16.663725 25.480750 31.787500
16.663725 25.480750 32.787500
16.663725 25.480750 33.787500
16.663725 25.480750 34.787500
16.663725 25.480750 35.787500
16.663725 25.480750 36.787500
16.663725 25.480750 37.787500
17.663725 25.480750 31.787500
17.663725 25.480750 32.787500
17.663725 25.480750 33.787500
17.663725 25.480750 34.787500
17.663725 25.480750 35.787500
17.663725 25.480750 36.787500
17.663725 25.480750 37.787500
18.663725 25.480750 31.787500
18.663725 25.480750 32.787500
18.663725 25.480750 33.787500
18.663725 25.480750 34.787500
18.663725 25.480750 35.787500
18.663725 25.480750 36.787500
18.663725 25.480750 37.787500
19.663725 25.480750 31.787500
19.663725 25.480750 32.787500
19.663725 25.480750 33.787500
19.663725 25.480750 34.787500
19.663725 25.480750 35.787500
19.663725 25.480750 36.787500
19.663725 25.480750 37.787500
20.663725 25.480750 31.787500
20.663725 25.480750 32.787500
20.663725 25.480750 33.787500
20.663725 25.480750 34.787500
20.663725 25.480750 35.787500
20.663725 25.480750 36.787500
20.663725 25.480750 37.787500
21.663725 25.480750 31.787500
21.663725 25.480750 32.787500
21.663725 25.480750 33.787500
21.663725 25.480750 34.787500
21.663725 25.480750 35.787500
21.663725 25.480750 36.787500
21.663725 25.480750 37.787500
9.663725 26.480750 31.787500
9.663725 26.480750 32.787500
9.663725 26.480750 33.787500
9.663725 26.480750 34.787500
9.663725 26.480750 35.787500
9.663725 26.480750 36.787500
9.663725 26.480750 37.787500
10.663725 26.480750 31.787500
10.663725 26.480750 32.787500
10.663725 26.480750 33.787500
10.663725 26.480750 34.787500
10.663725 26.480750 35.787500
10.663725 26.480750 36.787500
10.663725 26.480750 37.787500
11.663725 26.480750 31.787500
11.663725 26.480750 32.787500
11.663725 26.480750 33.787500
11.663725 26.480750 34.787500
11.663725 26.480750 35.787500
11.663725 26.480750 36.787500
11.663725 26.480750 37.787500
12.663725 26.480750 31.787500
12.663725 26.480750 32.787500
12.663725 26.480750 33.787500
12.663725 26.480750 34.787500
12.663725 26.480750 35.787500
12.663725 26.480750 36.787500
12.663725 26.480750 37.787500
13.663725 26.480750 31.787500
13.663725 26.480750 32.787500
13.663725 26.480750 33.787500
13.663725 26.480750 34.787500
13.663725 26.480750 35.787500
13.663725 26.480750 36.787500
13.663725 26.480750 37.787500
14.663725 26.480750 31.787500
14.663725 26.480750 32.787500
14.663725 26.480750 33.787500
14.663725 26.480750 34.787500
14.663725 26.480750 35.787500
14.663725 26.480750 36.787500
14.663725 26.480750 37.787500
15.663725 26.480750 31.787500
15.663725 26.480750 32.787500
15.663725 26.480750 33.787500
15.663725 26.480750 34.787500
15.663725 26.480750 35.787500
15.663725 26.480750 36.787500
15.663725 26.480750 37.787500
16.663725 26.480750 31.787500
16.663725 26.480750 32.787500
16.663725 26.480750 33.787500
16.663725 26.480750 34.787500
16.663725 26.480750 35.787500
16.663725 26.480750 36.787500
16.663725 26.480750 37.787500
17.663725 26.480750 31.787500
17.663725 26.480750 32.787500
17.663725 26.480750 33.787500
17.663725 26.480750 34.787500
17.663725 26.480750 35.787500
17.663725 26.480750 36.787500
17.663725 26.480750 37.787500
18.663725 26.480750 31.787500
18.663725 26.480750 32.787500
18.663725 26.480750 33.787500
18.663725 26.480750 34.787500
18.663725 26.480750 35.787500
18.663725 26.480750 36.787500
18.663725 26.480750 37.787500
19.663725 26.480750 31.787500
19.663725 26.480750 32.787500
19.663725 26.480750 33.787500
19.663725 26.480750 34.787500
19.663725 26.480750 35.787500
19.663725 26.480750 36.787500
19.663725 26.480750 37.787500
20.663725 26.480750 31.787500
20.663725 26.480750 32.787500
20.663725 26.480750 33.787500
20.663725 26.480750 34.787500
20.663725 26.480750 35.787500
20.663725 26.480750 36.787500
20.663725 26.480750 37.787500
21.663725 26.480750 31.787500
21.663725 26.480750 32.787500
21.663725 26.480750 33.787500
21.663725 26.480750 34.787500
21.663725 26.480750 35.787500
21.663725 26.480750 36.787500
21.663725 26.480750 37.787500
