9.66884 21.0629 31.7844
9.66943 21.0639 32.9718
9.50643 20.7994 35.0857
9.38185 20.761 35.321
9.553 20.6796 36.0569
9.7809 21.0078 37.5399
9.66884 22.2629 31.7845
9.66904 22.2652 32.9804
9.66578 22.1903 34.2691
9.795 21.6719 35.3855
9.83073 21.9422 36.2072
9.65195 22.2902 37.8127
9.66884 23.4629 31.7845
9.66884 23.4629 32.9844
9.6686 23.4681 34.1816
9.66433 23.4927 35.3821
9.66369 23.4798 36.5904
9.66831 23.4639 37.7852
9.66884 24.6629 31.7845
9.66884 24.6629 32.9845
9.66884 24.6629 34.1845
9.66884 24.6629 35.3845
9.66885 24.6629 36.5845
9.66884 24.6629 37.7845
9.66884 25.8629 31.7845
9.66884 25.8629 32.9845
9.66884 25.8629 34.1845
9.66884 25.8629 35.3845
9.66884 25.8629 36.5845
9.66884 25.8629 37.7845
10.8688 21.0629 31.7845
10.872 21.0634 32.9776
10.7544 20.9831 34.4215
10.6279 21.1374 35.2704
10.6211 20.7542 36.609
11.0714 20.8612 37.0867
10.8688 22.2629 31.7845
10.8693 22.2635 32.9833
10.8818 22.2877 34.1488
10.6169 21.8136 35.6093
11.1003 21.9082 36.3067
10.9224 22.1996 37.6986
10.8688 23.4629 31.7845
10.8688 23.4629 32.9845
10.8695 23.4657 34.1824
10.8671 23.4998 35.3728
10.8564 23.508 36.5902
10.8646 23.4736 37.7907
10.8688 24.6629 31.7845
10.8688 24.6629 32.9845
10.8688 24.6629 34.1845
10.8688 24.6628 35.3845
10.8688 24.6629 36.5845
10.8688 24.6629 37.7845
10.8688 25.8629 31.7845
10.8688 25.8629 32.9845
10.8688 25.8629 34.1845
10.8688 25.8629 35.3845
10.8688 25.8629 36.5845
10.8688 25.8629 37.7845
12.0688 21.0629 31.7845
12.0689 21.0629 32.9838
12.0954 21.0452 34.2042
11.8353 20.734 35.7473
12.0032 20.7607 36.4911
12.0017 20.9658 37.5099
12.0688 22.2629 31.7845
12.0681 22.2628 32.9841
12.0729 22.2716 34.1589
12.0365 22.0179 35.8593
11.8927 21.9312 36.5311
12.2045 21.9554 37.5309
12.0688 23.4629 31.7845
12.0685 23.463 32.9843
12.0665 23.4645 34.1831
12.0583 23.4956 35.3631
12.064 23.4813 36.5872
12.0667 23.4736 37.7988
12.0688 24.6629 31.7845
12.0688 24.6629 32.9845
12.0688 24.6629 34.1845
12.0687 24.663 35.3844
12.0682 24.664 36.5844
12.0686 24.6634 37.7846
12.0688 25.8629 31.7845
12.0688 25.8629 32.9845
12.0688 25.8629 34.1845
12.0688 25.8629 35.3845
12.0688 25.8629 36.5845
12.0688 25.8629 37.7845
13.2688 21.0628 31.7844
13.2658 21.0599 32.9812
13.2805 21.0657 34.1733
13.1765 20.7256 35.6878
13.1601 20.6465 36.5336
13.3036 20.8136 37.6929
13.2684 22.2628 31.7837
13.2828 22.2664 32.9957
13.5163 22.3099 34.1741
13.2912 22.1503 35.7602
13.1606 22.309 36.4945
13.1476 22.143 37.7708
13.2686 23.463 31.7841
13.2721 23.4609 32.9868
13.3645 23.4086 34.1857
13.3593 23.4153 35.3897
13.4326 23.0107 36.6216
13.2994 23.3452 37.7134
13.2688 24.6629 31.7845
13.2679 24.6639 32.9837
13.2653 24.6668 34.1837
13.2647 24.6687 35.3839
13.265 24.6726 36.5839
13.2661 24.6689 37.7869
13.2688 25.8629 31.7845
13.2688 25.8629 32.9845
13.2688 25.8629 34.1845
13.2688 25.863 35.3844
13.2687 25.863 36.5845
13.2688 25.8629 37.7845
14.4687 21.0624 31.7836
14.4692 21.0703 32.991
14.5423 21.3072 34.1843
14.4156 21.1396 35.704
14.372 21.1208 36.4335
14.2847 21.0303 37.9368
14.4682 22.2625 31.7805
14.4694 22.3066 33.2232
14.459 22.3257 34.2007
14.5076 22.5186 35.3884
14.1277 22.4804 36.5066
14.5103 22.3171 37.6894
14.4673 23.4634 31.7803
14.5294 23.4177 33.1304
14.5836 23.2841 34.1836
14.5764 23.2028 35.3612
14.3846 23.1686 36.6391
14.4909 23.1226 37.5276
14.4641 24.6629 31.7817
14.4498 24.6665 32.9771
14.477 24.6374 34.1767
14.4862 24.6182 35.4054
14.5461 24.5715 36.5744
14.4768 24.667 37.7743
14.4666 25.8637 31.7837
14.4622 25.8667 32.9833
14.4646 25.8668 34.1849
14.4674 25.8652 35.3843
14.4674 25.8659 36.5845
14.468 25.8643 37.7852
15.6688 21.0622 31.7832
15.6686 21.0766 33.0017
15.6432 21.4352 34.2103
15.6379 21.2638 35.3979
15.4814 21.2971 36.5247
15.3187 21.354 37.8621
15.6676 22.2613 31.7765
15.7397 22.3144 33.3134
15.6764 22.2309 34.2517
15.6076 22.2935 35.2036
15.7387 22.2448 36.5286
15.7936 22.2482 38.0496
15.655 23.45 31.7655
15.7295 23.47 33.2979
15.6137 23.4749 34.1999
15.6751 23.7463 35.4032
15.7012 23.5021 36.5759
15.65 23.2613 37.6004
15.7609 24.6912 31.8249
16.0489 24.7021 33.2158
15.9893 24.4535 33.9936
16.0458 24.1831 35.4547
15.739 24.4321 36.7163
15.7304 24.6158 37.5812
15.6929 25.8569 31.7928
15.7536 25.7981 32.9793
15.6664 25.8537 34.1692
15.6604 25.8802 35.3868
15.6671 25.8663 36.5909
15.6672 25.8679 37.7872
16.869 21.0624 31.7837
16.8695 21.0575 32.982
16.8272 21.1739 34.1814
16.8599 21.0709 35.3789
16.8545 21.0926 36.5889
16.8348 21.0965 37.782
16.8691 22.2549 31.772
16.8362 22.454 33.3677
16.9209 22.5162 33.9986
16.8256 22.7693 35.3942
16.9249 22.5852 36.6898
16.6435 22.4823 37.7894
16.9141 23.5899 31.8478
16.9494 23.7763 33.2227
16.9232 23.5503 34.1668
17.036 23.3301 35.228
17.0827 23.437 36.7326
16.9307 23.2916 37.2428
17.103 24.824 31.9868
16.8403 24.4935 32.8548
16.9278 24.4511 34.2333
16.8416 24.5628 35.2904
16.9725 24.5013 36.7219
16.8435 24.6316 37.4393
17.2687 25.5611 31.7582
16.8426 25.6646 32.7854
17.1157 25.6422 34.1185
16.9356 25.7443 35.3288
16.8629 25.8468 36.5982
16.8663 25.869 37.7877
18.0689 21.0628 31.7844
18.0724 21.0569 32.9801
18.0726 21.0542 34.1838
18.0746 21.0504 35.3864
18.0761 21.0495 36.5849
18.0736 21.0553 37.7884
18.071 22.2587 31.7806
18.0425 22.2809 33.0259
17.742 22.6379 34.1868
17.9966 22.3914 35.3052
17.9007 22.7511 36.661
18.0058 22.3336 37.7054
18.0447 23.5254 31.8112
17.8941 23.6568 33.0873
18.2936 23.5574 34.4014
18.1432 23.6809 35.2079
18.2135 23.5435 36.6286
17.9113 23.4538 37.2023
17.9925 25.091 31.8724
17.9935 24.7457 32.8895
18.0737 24.6198 34.1303
18.1446 24.6862 35.3535
18.2264 24.478 36.5046
18.0424 24.6396 37.5037
17.9286 25.5307 31.6976
18.1709 25.5697 32.9399
18.2112 25.6294 34.0454
18.1675 25.5734 35.2066
18.108 25.7652 36.6064
18.0649 25.878 37.7971
19.2688 21.0629 31.7845
19.269 21.0627 32.9843
19.2704 21.0609 34.1842
19.27 21.061 35.3846
19.2704 21.0599 36.5847
19.2691 21.0624 37.7847
19.269 22.2626 31.7843
19.2738 22.2591 32.9797
19.2535 22.2723 34.1878
19.2657 22.2543 35.3728
19.2431 22.3071 36.5793
19.279 22.2435 37.801
19.2759 23.4349 31.7759
19.2818 23.4454 32.9892
18.9787 23.6647 34.2906
19.1373 23.6527 35.613
19.1377 23.7655 36.4321
19.2512 23.4752 37.6694
19.0297 24.9731 32.092
19.2669 24.8906 32.9247
19.2094 24.7903 34.1387
19.1403 24.7208 35.633
19.3588 24.6252 36.4337
19.2981 24.7728 37.4845
19.6616 25.831 31.8785
19.4504 25.8685 33.1221
19.3253 25.6853 34.1194
19.1703 25.5265 35.0972
19.5778 25.3918 36.6579
19.297 25.8195 37.713
20.4688 21.0629 31.7845
20.4688 21.0629 32.9845
20.4688 21.0629 34.1845
20.4688 21.0629 35.3845
20.4689 21.0628 36.5845
20.4688 21.0629 37.7845
20.4688 22.2629 31.7845
20.4689 22.2628 32.9844
20.4703 22.2614 34.1837
20.4757 22.2436 35.375
20.4807 22.2285 36.5875
20.4712 22.2541 37.791
20.4725 23.4363 31.78
20.4782 23.4313 32.9804
20.4843 23.4307 34.1677
20.4131 23.5979 35.6317
20.4227 23.919 36.4633
20.4767 23.4701 37.7452
20.7425 25.1287 31.7911
20.4151 24.9536 32.9704
20.3412 25.3041 34.3234
20.4779 25.0068 35.5152
20.5021 24.6712 36.4099
20.412 24.7278 37.5521
20.7999 26.1895 31.5835
20.6838 26.0574 33.0938
20.3294 25.5573 34.3168
20.7026 25.6012 35.1335
20.6234 25.4842 36.3519
20.4441 25.8053 37.619
21.6688 21.0629 31.7845
21.6688 21.0629 32.9845
21.6688 21.0629 34.1845
21.6688 21.0629 35.3845
21.6688 21.0629 36.5845
21.6688 21.0629 37.7845
21.6688 22.2629 31.7845
21.6688 22.2629 32.9845
21.6689 22.2628 34.1844
21.6709 22.2571 35.3817
21.6745 22.2475 36.5858
21.6699 22.2603 37.7862
21.6723 23.4521 31.7843
21.6724 23.4558 32.9848
21.6759 23.4506 34.1764
21.6387 23.5059 35.465
21.421 23.8996 36.5128
21.6702 23.4545 37.7895
21.4115 25.1983 31.6985
21.5938 24.7381 32.958
21.6271 24.6835 34.1789
21.7503 25.1851 35.9937
21.7733 24.8086 36.297
21.6571 24.6455 37.6128
21.3042 26.1444 31.7812
21.3477 26.32 32.5069
21.2641 25.9052 34.4439
21.8539 25.9563 35.7155
21.9508 25.6996 35.9292
21.6657 25.8475 37.7455
