2 360 3

1.08218e-09 -1.72779e-09 4.67368e-09
5.25619e-09 -2.50338e-08 4.2701e-08
-4.31788e-08 -1.75677e-07 1.24578e-07
-1.66682e-07 -4.68536e-07 1.85898e-07
-8.48998e-08 -2.87854e-07 9.78393e-08
2.39698e-08 -1.83223e-08 8.69968e-08
3.6824e-10 -4.94197e-07 4.55145e-07
-4.66348e-06 -1.09796e-05 -9.84425e-07
-1.67374e-05 -3.98747e-05 4.50617e-06
-8.68574e-06 -2.22131e-05 7.37912e-06
3.17172e-07 -4.97108e-08 5.05572e-07
6.46772e-06 -9.83323e-06 -8.03523e-06
-2.45528e-06 -0.000275335 -0.000160369
-0.00015407 -0.000975582 -0.000180436
-0.000112544 -0.000526627 5.64122e-05
2.14451e-06 -3.59299e-07 1.28145e-06
8.46907e-05 -7.11003e-05 -6.49622e-05
0.000614189 -0.00157695 -0.00116634
0.000608251 -0.00501812 -0.00198238
-7.91058e-06 -0.0025586 -0.000278056
3.81575e-06 -1.30132e-06 1.40071e-06
0.000165365 -0.000132894 -8.50267e-05
0.00138113 -0.00220765 -0.00155338
0.00208084 -0.00606183 -0.0029801
0.000544937 -0.002835 -0.000709174
1.35415e-06 -6.32979e-07 4.76753e-07
5.5536e-05 -4.85562e-05 -2.44776e-05
0.00047693 -0.000676905 -0.000429939
0.000792342 -0.00168504 -0.000854845
0.000252489 -0.000746344 -0.000235493
1.07138e-07 -3.51518e-08 7.90718e-08
3.14473e-06 -2.76558e-06 -9.56749e-07
2.63407e-05 -3.66091e-05 -2.03771e-05
4.70058e-05 -8.99552e-05 -4.2164e-05
1.70147e-05 -3.98569e-05 -1.29785e-05
2.09824e-09 4.38374e-09 5.04992e-09
3.69933e-08 5.78576e-09 1.45e-08
2.41687e-07 -1.95018e-07 -1.35765e-07
4.28743e-07 -5.77616e-07 -3.84921e-07
1.5058e-07 -1.85645e-07 -1.83296e-07
-2.89608e-09 -2.08144e-08 8.56457e-09
4.27623e-08 -9.03829e-08 1.23843e-07
-4.675e-08 -5.76473e-07 1.23403e-07
-5.87896e-07 -1.55629e-06 1.79827e-07
-4.21416e-07 -1.00145e-06 2.14301e-07
9.60999e-08 -3.15728e-08 3.17154e-07
7.24303e-07 -8.65408e-07 3.14702e-07
-7.33421e-06 -1.9356e-05 -2.58888e-05
-3.46011e-05 -6.96904e-05 -3.63031e-05
-2.1099e-05 -4.355e-05 5.14054e-07
3.13823e-07 2.26434e-07 5.72975e-07
3.03985e-07 -7.92276e-06 -6.54467e-05
-8.85893e-05 -0.000283229 -0.000921624
-0.000348288 -0.00112135 -0.00147522
-0.000209643 -0.00071179 -0.000251176
6.64977e-07 2.42866e-07 -2.31016e-06
3.02466e-05 -4.422e-05 -0.000373639
0.000275691 -0.0012385 -0.00479996
0.000373859 -0.00478396 -0.00825729
-2.84804e-05 -0.00295 -0.00184465
1.40218e-06 -8.86905e-07 -2.4482e-06
8.60449e-05 -8.86139e-05 -0.000382647
0.00108579 -0.00179143 -0.00494222
0.00247637 -0.00629471 -0.00874289
0.000849937 -0.00352224 -0.00190353
9.97955e-07 -1.16578e-06 3.12725e-07
3.98214e-05 -4.68549e-05 -7.41729e-05
0.000481981 -0.000690733 -0.00103873
0.00122339 -0.00235159 -0.00182701
0.000499537 -0.0012722 -0.000254842
1.92868e-07 -4.53044e-08 2.97487e-07
5.30616e-06 -5.90564e-06 -6.04151e-07
4.64051e-05 -6.15351e-05 -3.29943e-05
0.000115918 -0.000199646 -5.10126e-05
5.08369e-05 -0.000105848 1.42634e-05
-2.96585e-08 1.05557e-07 2.62337e-08
5.93799e-08 2.12341e-07 1.134e-07
8.89051e-07 -4.12629e-07 5.08197e-08
1.93554e-06 -2.23433e-06 1.49024e-07
6.45738e-07 -8.93252e-07 4.01496e-07
5.7137e-07 -1.06585e-06 1.12267e-06
3.1103e-06 -3.51755e-06 6.7793e-06
2.05088e-06 -1.14668e-05 9.48467e-06
-6.19014e-06 -2.26272e-05 8.55269e-06
-4.14156e-06 -1.0864e-05 3.69931e-06
4.93959e-06 -9.75783e-07 1.32096e-05
4.22568e-05 -3.30126e-06 9.44554e-05
9.3463e-05 -7.81325e-05 0.000119902
1.19937e-05 -0.0002125 8.10593e-05
-3.06932e-05 -0.000111442 -2.4731e-07
1.01954e-05 9.82692e-06 3.39863e-05
0.000130682 8.34628e-05 0.000199484
0.000489676 -1.67317e-05 -0.000415599
0.000511004 -0.000263669 -0.00126289
0.000136075 -4.06759e-05 -0.000874878
4.61374e-06 7.82128e-06 1.34515e-05
0.000108092 5.48027e-05 -0.000229608
0.00103273 -0.000110509 -0.00454841
0.00234301 -8.40581e-05 -0.00924171
0.00098902 0.00104717 -0.00403025
4.82475e-06 -2.70844e-05 5.2414e-06
0.00013509 -0.000385528 -0.000329601
0.00165036 -0.0017573 -0.005349
0.00398746 -0.00295404 -0.0105867
0.00105812 0.000868662 -0.00320689
1.64429e-05 -4.72242e-05 1.86783e-05
0.000250861 -0.000625421 7.82661e-05
0.00139233 -0.00217998 -0.000914083
0.00252984 -0.00309728 -0.00172769
0.000476884 -0.000116281 0.000418352
7.0543e-06 -1.27246e-05 7.95489e-06
0.000108275 -0.000177812 6.78023e-05
0.000421949 -0.000539064 0.000121569
0.000519805 -0.000543346 0.000206054
8.25812e-05 6.68351e-06 0.000276564
1.08162e-07 1.7392e-07 5.79562e-07
6.86037e-06 -7.61252e-06 4.85084e-06
2.3349e-05 -2.16208e-05 1.25237e-05
1.90425e-05 -8.77701e-06 1.97717e-05
2.60833e-07 8.54641e-06 1.35241e-05
4.26555e-05 -4.65716e-05 4.40166e-05
0.000108103 -0.000110466 0.000135275
4.16325e-05 -0.0001724 0.00013281
-6.97308e-05 -0.000231263 6.99215e-05
-4.03982e-05 -0.000104032 2.67417e-05
0.000146159 -8.1981e-05 0.000190831
0.000572072 -0.000248887 0.000973052
0.000493302 -0.000795448 0.00111278
-0.000309433 -0.00153666 0.000582337
-0.000333164 -0.000758177 2.5523e-05
0.000119594 4.41376e-05 0.00030593
0.000821044 0.000475781 0.00197436
0.00163551 0.000126237 0.0021501
0.000872599 -0.000683917 0.000189097
-0.000249671 -0.000116035 -0.0019486
3.30194e-05 5.04395e-05 0.000124268
0.000350752 0.000431425 0.000760354
0.0015425 0.000626634 -0.000564995
0.0026296 0.00215163 -0.00427653
0.000587837 0.00359041 -0.00519872
2.01906e-05 -0.000158819 4.09132e-05
0.000262145 -0.0018001 0.000102168
0.00168472 -0.00449076 -0.00234539
0.00288885 -0.00219879 -0.00657729
-0.00116742 0.00506325 -0.00442936
8.98443e-05 -0.000342243 0.000105886
0.00106207 -0.00336717 0.000739
0.00320726 -0.00727003 0.000268646
0.00256624 -0.00314345 -0.000782549
-0.00163268 0.00393731 0.000147853
7.66604e-05 -0.00024326 1.57068e-05
0.000793898 -0.00153478 0.000330255
0.00176967 -0.00243641 0.000655879
0.000728386 -1.5676e-05 0.000987849
-0.000473756 0.00142628 0.000793403
1.97164e-05 -6.44578e-05 -1.20031e-05
0.000138328 -0.000241494 8.29028e-06
0.000217028 -0.000235856 6.50009e-05
2.25372e-05 0.000116173 0.000135537
-5.09278e-05 0.000152055 9.13738e-05
0.000416073 -0.000504745 0.000494586
0.000839775 -0.000770925 0.000910193
0.00035719 -0.00078849 0.000608099
-0.000130074 -0.000601608 2.45061e-05
-9.10882e-05 -0.000242574 -3.45219e-05
0.00113029 -0.000718003 0.00113298
0.00308938 -0.00137745 0.00316307
0.00193404 -0.00228144 0.00221625
-0.000800627 -0.00302645 -0.000358728
-0.000910711 -0.00145391 -0.000769969
0.000549735 1.22283e-05 0.000826559
0.00222859 0.000972086 0.00389375
0.00229319 0.000594186 0.00296963
-0.000622901 -0.00134872 -0.001708
-0.00203184 -0.000918249 -0.00386238
7.05519e-05 0.000114996 0.000249983
0.000448031 0.000996217 0.00145635
0.000848135 0.00140826 0.000945922
0.000388197 0.00179395 -0.00222005
-0.00115523 0.00199689 -0.00430128
-2.32351e-06 -0.000227331 3.67646e-05
9.55824e-06 -0.00193125 -4.14358e-05
0.000191125 -0.00305962 -0.00109427
-0.000879328 0.000861926 -0.00332357
-0.00346991 0.00506098 -0.00442186
8.63089e-05 -0.00112143 -0.000104131
0.00117041 -0.00566445 -0.000280969
0.00218831 -0.00622607 -0.00169653
-0.00179194 0.00342165 -0.00272615
-0.00516278 0.00755329 -0.00345034
0.000345725 -0.00230298 -0.000704374
0.00261772 -0.00705871 -0.00127098
0.00415105 -0.00568306 -0.00133263
6.97601e-05 0.00281908 -3.69513e-05
-0.00172069 0.00363156 2.91254e-06
0.000236277 -0.00101691 -0.000347741
0.00105714 -0.00246141 -0.000496824
0.00144512 -0.00198897 -0.00029116
0.000290387 0.000202643 0.000129621
-0.000138628 0.000454033 0.000149136
0.000599652 -0.00128112 0.00155334
0.00141261 -0.00126981 0.00196284
0.000805364 -0.000677422 0.000562535
0.000165688 0.000374151 -0.00103173
8.62184e-06 0.000137266 -0.000515054
0.00129315 -0.00109776 0.00244004
0.00300555 -1.6121e-05 0.00295729
0.00148367 0.00131089 -0.00160718
-0.000273395 0.00213944 -0.00637816
-0.000567135 0.000458655 -0.00325685
0.000496146 0.000173135 0.000793943
0.001402 0.00249626 0.0015856
0.00123785 0.00466066 -0.00201302
-0.00067235 0.00319965 -0.0074317
-0.00173488 0.000542459 -0.00514646
3.14819e-05 0.000119799 0.000140396
0.000110222 0.00109512 0.000690248
0.000237644 0.00201243 5.61477e-05
-0.000253636 0.00156809 -0.00208986
-0.000968681 0.000605936 -0.00226536
-5.75762e-05 -0.000103349 4.50462e-08
-0.000502248 -0.000374969 -0.000165918
-0.00119919 0.000602164 -0.000970539
-0.00201755 0.00260784 -0.0023061
-0.00221462 0.00241991 -0.00260397
-0.000219078 -0.00134259 -0.000594719
-0.00089463 -0.00330244 -0.00176333
-0.00254152 0.00135115 -0.00413626
-0.00478364 0.00803114 -0.00642316
-0.00453268 0.00560528 -0.00552146
0.000102701 -0.00395092 -0.00207881
0.00191232 -0.00954409 -0.00369646
0.00359061 -0.00603117 -0.00365013
0.000577401 0.00293505 -0.00329925
-0.00140485 0.00280926 -0.00215636
0.000470288 -0.00203539 -0.00101374
0.0021459 -0.00530604 -0.00131665
0.00375011 -0.00559405 -0.000660113
0.00162011 -0.00121153 -0.00027429
7.78888e-05 0.000181976 -0.00011897
-0.00032154 -0.00324167 0.00237933
-0.00148482 -0.00771412 0.00278963
-0.00146758 -0.00603113 0.000609431
-6.43401e-06 -0.000478056 -0.00207164
0.000239559 0.000507749 -0.00115856
-0.000544043 -0.00233664 0.00283402
-0.00297024 -0.00523237 0.00230309
-0.0036323 -0.00230997 -0.00305335
0.000211961 0.00483288 -0.0085227
0.000613364 0.00257039 -0.00411877
-0.000155163 -6.24569e-05 0.000525297
-0.0010774 0.000916053 -5.77512e-05
-0.00152395 0.00350132 -0.00312945
-5.92609e-05 0.00513681 -0.00624683
-1.16574e-05 0.00190615 -0.00314813
-8.62086e-06 3.81642e-05 2.66638e-05
-9.26788e-05 0.000383591 5.09146e-05
-0.000105816 0.000955952 -0.000309053
-4.10071e-05 0.000958884 -0.000982409
-0.000135251 0.000301482 -0.000631878
-3.26128e-05 9.6766e-06 -4.12793e-08
-0.000328806 0.000202638 -2.93704e-06
-0.000937928 0.000940964 -0.000216817
-0.000961245 0.00122884 -0.000664184
-0.000506868 0.00057638 -0.000558726
-0.000357088 0.000207488 -0.000238176
-0.00204791 0.00185807 -0.000163703
-0.00483256 0.00598716 -0.000273925
-0.0035457 0.00545111 -0.00202216
-0.00143893 0.00187872 -0.00157415
-0.000796719 0.00108581 -0.000849005
-0.00226711 0.00425735 0.000232653
-0.00195017 0.00795641 0.00255228
0.000404599 0.00433952 -0.000315587
1.91043e-06 0.000618158 -0.000644317
-5.89123e-05 0.000782082 -0.000314917
0.000632134 0.00155953 0.000743119
0.00274119 0.00169445 0.00205616
0.00200174 0.000857911 0.000275285
0.000447227 -0.000176159 -0.000107448
-0.00334011 -0.00817468 0.00192172
-0.00765434 -0.0176619 0.00208577
-0.00692095 -0.0176449 0.0027884
-0.00255677 -0.00834787 0.000361204
3.9115e-05 -0.000719378 -0.000544414
-0.00248835 -0.00527268 0.0017264
-0.00783451 -0.0145237 0.00201304
-0.0086203 -0.0174022 0.00298995
-0.00253762 -0.00630088 0.000811175
0.000523644 0.000833964 -0.000468094
-0.000334048 -0.000529042 0.000245152
-0.00137824 -0.00170937 0.000240063
-0.00173097 -0.00192037 0.000464982
-0.000209863 0.000944174 0.000737493
0.000306796 0.0011911 0.000236601
-7.06991e-06 -4.1002e-06 5.1556e-06
-4.26451e-05 -7.44828e-07 2.22203e-06
-5.97638e-05 7.11546e-05 1.82647e-05
1.22379e-05 0.000262797 9.21645e-05
2.01717e-05 0.000147534 3.97717e-05
-7.02176e-06 1.33507e-05 -4.35167e-07
-5.47405e-05 8.50597e-05 1.16436e-05
-0.000151189 0.000226958 4.66614e-05
-0.00015782 0.000247467 0.000193746
-7.27504e-05 8.75643e-05 0.000194866
-0.00023243 0.000512923 -7.52314e-05
-0.00097861 0.00261101 0.000300863
-0.00157796 0.00488353 0.00112181
-0.00118848 0.00379409 0.00270663
-0.000484409 0.0009143 0.00260326
-0.00117978 0.00341304 -0.000200907
-0.00353907 0.0149175 0.00216738
-0.00295746 0.0232593 0.00476566
-0.00125653 0.0155108 0.0052589
-0.000224289 0.00282821 0.00486608
-0.000898139 0.00408719 0.000311259
-0.00199493 0.0149017 0.0029692
-0.000337798 0.0195122 0.00389912
0.000278704 0.0119689 0.00116985
0.000343121 0.0019496 0.00117966
-0.00381547 -0.00567252 0.000292501
-0.00491013 -0.00840151 -0.000193516
-0.00370027 -0.00921845 0.00167549
-0.00160901 -0.00773543 0.00266413
0.000192158 -0.00139039 0.00100748
-0.00227265 -0.0031499 0.000291903
-0.00385624 -0.00614534 0.000172926
-0.00409565 -0.0091053 0.00282521
-0.00167295 -0.00687696 0.0057957
0.000438496 -0.000711533 0.00261948
-0.000218599 -0.000284329 3.9952e-05
-0.000504674 -0.000740986 7.10255e-05
-0.000685358 -0.00130192 0.000854061
-0.000180242 -0.000544046 0.00239976
0.000179181 0.000246758 0.00124332
-3.34897e-06 -3.70225e-06 8.09942e-07
-1.02013e-05 -1.29576e-05 2.69889e-06
-1.67381e-05 -2.01748e-05 5.29635e-05
1.85344e-06 3.62816e-05 0.000188067
1.06927e-05 3.76713e-05 0.000103841
-2.6209e-06 5.56978e-06 -6.41885e-08
-7.32456e-06 2.13711e-05 1.65398e-06
-1.5198e-05 5.35377e-05 2.90427e-05
-3.85749e-05 9.70193e-05 0.000189054
-2.57255e-05 4.78574e-05 0.000204941
-0.00014783 0.000350852 -2.24665e-05
-0.000352043 0.00116829 7.11225e-05
-0.000412896 0.00207173 0.000528134
-0.000576379 0.00262989 0.00279
-0.000245347 0.0010385 0.00306312
-0.00117008 0.00342911 -1.07661e-05
-0.00231884 0.00948532 0.000786397
-0.00162852 0.0126768 0.00181232
-0.00109448 0.0131529 0.0063726
0.000114905 0.0044529 0.00756699
-0.00138634 0.00555295 0.00030883
-0.0023115 0.0128194 0.00152413
-0.000782371 0.0125223 0.001246
0.000425979 0.011101 0.00137497
0.000880364 0.00343606 0.00285705

1.91568e-08 -1.92732e-08 2.51612e-08
8.35423e-08 -8.74833e-08 4.54832e-08
4.21921e-07 1.22347e-06 -4.39998e-07
1.34197e-06 4.93388e-06 -2.88425e-07
6.69177e-07 2.19735e-06 -2.78955e-07
1.49816e-07 -1.89154e-07 3.97853e-08
-4.77329e-06 4.12891e-06 -1.65451e-05
-2.62898e-05 0.000135939 -0.000125801
2.48849e-05 0.00045765 -9.85342e-05
3.3837e-05 0.000220156 -1.97129e-05
-3.28628e-06 -8.38892e-07 -6.73556e-06
-0.000275597 0.000132272 -0.000454464
-0.00218767 0.00309187 -0.00274215
-0.00247619 0.00900061 -0.00126618
-0.000323956 0.00389207 7.7991e-05
-3.71042e-05 1.99639e-07 -4.91459e-05
-0.0021822 0.000850853 -0.00225
-0.0179397 0.0156344 -0.00960872
-0.0244823 0.0384941 0.00284914
-0.00569185 0.0147121 0.00327354
-6.49355e-05 1.33207e-05 -6.50174e-05
-0.00342297 0.00170441 -0.00239703
-0.0265768 0.0215668 -0.00580034
-0.0358077 0.0422981 0.0123165
-0.00879093 0.0141252 0.00590496
-1.69571e-05 6.14175e-06 -1.38154e-05
-0.000967809 0.00068339 -0.000480678
-0.00734232 0.00695221 -0.000330845
-0.00970608 0.0111153 0.00448772
-0.00236549 0.0030881 0.00176349
9.20362e-08 -6.64111e-07 -1.56307e-07
-3.8055e-05 2.97486e-05 -1.42684e-05
-0.000321647 0.000339224 2.09474e-05
-0.000425029 0.000467605 0.000225798
-9.61484e-05 8.73261e-05 7.583e-05
9.14502e-08 -1.18665e-07 2.7553e-08
4.51805e-07 -8.50062e-07 -1.60633e-08
-1.43391e-07 -1.22851e-06 -1.98806e-07
-2.62491e-07 -2.47004e-06 -1.84172e-07
6.49423e-07 -2.31117e-06 -6.70428e-07
2.4175e-07 -1.01553e-07 2.52913e-07
3.1095e-07 -1.6074e-07 4.1323e-07
1.58732e-06 5.48331e-06 2.60253e-06
7.81043e-06 2.31316e-05 5.96868e-06
4.92269e-06 1.3221e-05 7.55224e-07
5.56369e-09 -5.90663e-08 -7.02832e-08
-3.44289e-06 1.70933e-05 7.41913e-06
0.000124295 0.00042509 0.00024413
0.000491296 0.00150927 0.00052884
0.00029173 0.000841027 9.25968e-05
-1.69446e-06 2.37782e-06 9.01487e-07
4.32115e-05 0.000264689 0.000340654
0.00157665 0.00536949 0.00557641
0.00475213 0.0170047 0.0107767
0.00258336 0.00842551 0.00168705
-2.66959e-06 6.00179e-06 1.57087e-05
-5.61317e-05 0.00074316 0.00164667
0.000683142 0.012987 0.0252208
0.00196342 0.0344926 0.047343
0.00232244 0.0141988 0.0066986
-9.15958e-06 7.79423e-06 1.32327e-05
-0.000528138 0.000758607 0.00160722
-0.0050661 0.00938626 0.0257654
-0.0109061 0.0187747 0.0491744
-0.0023569 0.00642236 0.00685479
-4.22651e-06 3.52388e-06 -3.10892e-07
-0.000252536 0.000269743 0.000323173
-0.00215311 0.00181007 0.00603594
-0.00421569 0.00148784 0.0123595
-0.00106283 -0.000226081 0.00203117
7.06148e-07 -2.17026e-06 -4.09017e-07
-2.7175e-05 1.82652e-05 7.27843e-07
-0.000173057 5.22766e-05 0.000254701
-0.000248021 -0.000200357 0.000610961
-3.58789e-05 -0.000223628 0.000104087
5.61658e-07 -9.22367e-07 1.95763e-07
1.16348e-06 -2.57849e-06 -2.24714e-07
-1.03225e-06 -4.20247e-06 6.78965e-08
-1.19503e-06 -9.86699e-06 2.58721e-06
1.61363e-06 -7.75517e-06 -6.93207e-07
1.0912e-06 4.27777e-06 -5.75761e-07
-1.78463e-05 9.1231e-06 -2.05607e-05
-3.16771e-05 1.40861e-05 -3.29428e-05
2.36293e-05 8.56063e-05 -1.51646e-05
2.59396e-05 5.7258e-05 -4.90683e-06
-2.79284e-05 1.33755e-05 -4.1092e-05
-0.000371631 -3.29793e-06 -0.000396762
-0.000688564 0.000314157 -0.000379181
0.000472674 0.00236523 0.000300006
0.000648043 0.00169273 0.000161761
-9.96702e-05 1.88784e-05 -0.000160005
-0.00115593 4.52838e-05 -0.00108344
-0.00209102 0.00322161 0.00370151
0.00145223 0.0148002 0.0104666
0.00248904 0.00914716 0.00342041
-5.36684e-05 3.09739e-05 -7.97551e-05
-0.000726187 0.00047699 0.00122257
-0.00460917 0.00451054 0.0269405
-0.0109647 0.0101621 0.049893
-0.0029206 0.000932862 0.0120444
-4.6206e-05 0.000162453 -6.53588e-05
-0.000931955 0.00227516 0.00157353
-0.00786097 0.0060151 0.0307749
-0.0184568 -0.000387735 0.057866
-0.00390977 -0.00858638 0.0115464
-0.000128094 0.000247423 -0.000186832
-0.00198098 0.00333113 -0.0011221
-0.00685883 0.00707425 0.00604552
-0.00703316 -0.000460322 0.0158275
0.000550753 -0.00640032 0.0021578
-4.37178e-05 5.41923e-05 -6.04208e-05
-0.000763118 0.000870097 -0.000559203
-0.00223889 0.00184976 -0.000489199
-0.00138115 -0.000120328 0.00041875
0.000255533 -0.00139634 -0.000303632
1.44836e-06 -3.47339e-06 -1.52387e-06
-3.85668e-05 2.65626e-05 -3.108e-05
-0.00011591 5.20715e-05 -6.02682e-05
-5.26313e-05 -6.3134e-05 -4.08127e-05
1.84873e-05 -8.22157e-05 -2.78415e-05
-1.35938e-05 0.00046501 -0.000126099
-0.000554122 0.000803562 -0.000658895
-0.000488849 0.000648044 -0.000667248
0.000129812 0.000723965 -0.000219436
0.000146556 0.000356815 -3.09255e-05
-0.000541928 0.000959243 -0.0006954
-0.00381829 0.0020151 -0.00383999
-0.00493 0.00149512 -0.0044461
6.05379e-05 0.00396866 -0.00132824
0.00147892 0.00273972 0.00064105
-0.000715978 0.000373426 -0.00112775
-0.00593977 0.000370884 -0.00803203
-0.0114536 -0.00222427 -0.00859799
-0.004503 0.00144104 0.00287769
0.00301701 0.00344698 0.00921927
-0.000242244 0.00015351 -0.000579816
-0.00252427 0.00081829 -0.00415233
-0.00981722 -0.00152798 0.00320263
-0.0163602 -0.00939695 0.0231878
-0.0019911 -0.0108689 0.0233073
-0.000180066 0.000996349 -0.000554086
-0.00246292 0.010802 -0.00314638
-0.0113709 0.0218631 0.0108588
-0.0166859 0.00830472 0.0371282
0.00532927 -0.0195015 0.0245049
-0.000640462 0.00190872 -0.00122569
-0.00793465 0.0177811 -0.00813868
-0.0198208 0.0309492 -0.00209593
-0.0100947 0.00722993 0.0129343
0.00920317 -0.0182533 0.00672181
-0.000433909 0.00135172 -0.000202103
-0.00518929 0.00720086 -0.00285878
-0.0100592 0.00788466 -0.00259877
-0.00291144 -0.00419768 -0.000549379
0.00246922 -0.00707024 -0.000704852
-7.6229e-05 0.000400468 0.000119851
-0.000861444 0.00116046 -0.000112613
-0.00118906 0.000534774 -0.000241876
-6.78087e-05 -0.00116511 -0.000178691
0.00024121 -0.000837738 -0.000125129
0.000626358 0.00655126 -0.000606207
-0.00305608 0.00764165 -0.00535954
-0.00245924 0.00514508 -0.00502529
0.000119628 0.00315278 -0.000426078
0.000329061 0.00109439 0.000281072
-0.00261202 0.0110726 -0.00389331
-0.0165342 0.0164163 -0.0153691
-0.0154432 0.0138609 -0.0108753
-0.000275215 0.0120652 0.00239147
0.00300503 0.00519941 0.00402908
-0.00233748 0.00274876 -0.0029744
-0.0125263 0.00320905 -0.0124253
-0.0160655 0.000267652 -0.00684866
-0.0016079 0.000920713 0.0100235
0.00764173 0.00249378 0.0166883
-0.000266213 9.00839e-05 -0.000862827
-0.00175549 -0.000205974 -0.00511186
-0.00428391 -0.00319873 -0.00214372
-0.0032186 -0.00962588 0.0123586
0.00599455 -0.00726906 0.0203724
8.46943e-05 0.00159923 -0.000812181
0.000204112 0.0132968 -0.00353974
-0.00197287 0.0169799 0.00502838
0.00139425 -0.00122375 0.020724
0.0159242 -0.0199324 0.0247925
0.000102758 0.00605175 -0.00056965
-0.00679055 0.0277082 -0.00578126
-0.0167258 0.0196091 0.0133671
0.00024007 -0.017749 0.0273129
0.0207148 -0.0296873 0.0242673
-0.000104603 0.0121775 0.00542599
-0.0155488 0.0289083 0.00372462
-0.0271669 0.010489 0.0116652
-0.00663835 -0.0203098 0.0124861
0.00588687 -0.0158722 0.00627293
-0.000245938 0.00588974 0.00359407
-0.00558435 0.0110861 0.00229883
-0.00793844 0.00563045 0.00156774
-0.00201278 -0.00296263 0.00126064
0.000457278 -0.00241237 0.000249148
0.000923599 0.0193161 0.000568652
-0.00262391 0.0137083 -0.0109516
-0.000620754 0.00512516 -0.0108443
-0.000277704 0.000316501 0.00246018
-9.37824e-05 -0.000283709 0.00190098
-0.00225637 0.0265685 -0.00405942
-0.00603371 0.0176098 -0.0184349
0.00246374 0.00752489 -0.0052482
0.00278841 0.00160011 0.0225761
0.00181245 -0.000234223 0.011246
-0.00152098 0.00485063 -0.00248004
-0.00163072 -0.0023703 -0.00564426
0.00204592 -0.00500606 0.00978392
0.0053669 -0.00171315 0.0264299
0.00613251 -0.000143697 0.0162934
7.93529e-05 -0.000146711 -0.000478708
0.00142592 -0.00239793 -0.0021314
0.00177889 -0.00397863 0.000791279
0.00185331 -0.00351975 0.00741838
0.00368794 -0.00149683 0.00787371
0.000552177 0.000784857 -0.000542125
0.00407202 0.00508408 -0.00306667
0.00581636 0.00109653 0.00273316
0.00591104 -0.00928066 0.0127207
0.00822152 -0.00896731 0.0124874
0.00336724 0.00433714 0.00285835
0.00949492 0.00746734 -0.00262688
0.00816784 -0.0210852 0.0204117
0.00810273 -0.0398773 0.0452874
0.0147847 -0.0228762 0.0300912
0.00528511 0.0122933 0.0184752
-0.00164603 0.0198366 0.00796015
-0.0168973 -0.0032174 0.0174856
-0.0127502 -0.0222519 0.0336976
0.00281362 -0.0133563 0.0155142
0.000185408 0.00789871 0.0127832
-0.0066687 0.0198575 0.0042069
-0.0142302 0.0210711 0.000375173
-0.00778963 0.0036855 0.00399008
-0.000648136 -0.00135462 0.00122138
0.00500757 0.0285265 -0.00367736
0.0142142 0.0257499 -0.00826065
0.0154557 0.0128042 -0.00358961
0.00135643 -0.00113397 0.00773806
-0.00133331 -0.00257796 0.00342995
0.00483623 0.0266677 -0.00642566
0.0289923 0.0141825 -0.00814638
0.0433543 -0.00259278 0.00899766
0.00755737 -0.0172163 0.0317485
-0.00235843 -0.00863445 0.0125234
0.00129856 0.00359941 -0.00149899
0.0128539 -0.00388336 -0.000674059
0.0239681 -0.00873775 0.0101794
0.00901731 -0.00848279 0.0203158
0.00102964 -0.00321022 0.00821177
0.000146374 -5.61517e-05 -0.000103423
0.00167664 -0.00119787 -0.000427556
0.00319831 -0.00182837 0.000715885
0.00178314 -0.0008866 0.00252849
0.000674849 -0.0001832 0.001428
0.000216844 -8.98254e-05 -0.000133784
0.0022788 -0.000489223 -0.00140835
0.00497633 -0.0036864 -0.000582739
0.00359774 -0.00629269 0.0035996
0.00176768 -0.0031991 0.00266569
0.00250507 -0.00510088 0.000893696
0.0159637 -0.016962 -0.00618976
0.0306929 -0.037044 -0.00280096
0.0152498 -0.0356569 0.017537
0.00561515 -0.0164149 0.00947606
0.00464531 -0.0200886 0.00646339
0.0253635 -0.0316966 -0.0127641
0.0337768 -0.0353445 -0.0159885
0.00217037 -0.0235822 0.012636
9.98506e-05 -0.011581 0.00254827
-0.000484491 -0.0116535 0.00492584
0.00309579 0.000307327 -0.00847659
-0.000970699 0.0115358 -0.0121813
-0.00631872 0.00125811 -0.000291712
-0.00162925 -0.000638448 -0.00188082
0.0362847 0.063903 -0.00687067
0.0538264 0.0734781 0.00142359
0.0378053 0.071799 -0.00367523
0.00867527 0.0436363 -0.00486737
-0.00167014 0.00573696 -0.00361971
0.0237189 0.0354349 -0.00938655
0.0494897 0.0481525 -0.0019855
0.0490417 0.0656272 -0.00541763
0.0130483 0.0398244 -0.0106714
-0.00238846 0.00335933 -0.0077784
0.00273067 0.00276965 -0.00149793
0.00908354 0.00375139 -0.000436481
0.012398 0.00792705 -0.00121077
0.00463181 0.00626389 -0.0059564
-6.51204e-05 0.000849671 -0.0042408
4.52037e-05 -2.32188e-05 -2.74264e-05
0.000359303 -0.000125841 -2.93093e-05
0.000715507 2.88299e-05 -0.000138098
0.000461958 0.000443677 -0.000714061
9.9535e-05 0.00021092 -0.000461493
1.43823e-05 -1.61397e-05 -1.43749e-05
0.000302922 -0.000207952 -0.000136282
0.000826109 -0.000900861 -0.000161076
0.000924001 -0.00240519 -0.000399566
0.000570369 -0.00175049 -0.00101186
0.00148093 -0.00309781 -0.000957287
0.00680861 -0.00996418 -0.00233353
0.0110149 -0.0192201 -0.00307272
0.00806526 -0.02748 -0.00876434
0.00437268 -0.0170365 -0.0156548
0.00915226 -0.0240334 -0.008613
0.0264495 -0.0553295 -0.0137278
0.0274239 -0.0808384 -0.0136122
0.00990566 -0.0769361 -0.0211273
0.00231427 -0.0305591 -0.0380574
0.00975956 -0.0340407 -0.0116881
0.018932 -0.0605238 -0.0178051
0.011949 -0.0684665 -0.0120837
-0.000118545 -0.0565468 -0.00495022
-0.00289139 -0.0151763 -0.015745
0.0447204 0.0554134 -0.0018163
0.0402226 0.0499086 0.0084389
0.0171231 0.0515907 -0.00370957
0.0010623 0.0574915 -0.0252108
-0.00339695 0.014414 -0.0154568
0.0250454 0.0262473 -0.00423644
0.0270644 0.02883 0.00320127
0.019622 0.0481826 -0.0105403
0.00639668 0.0560983 -0.046066
-0.00238614 0.0139574 -0.0279836
0.00204104 0.00147813 -0.000626416
0.00297476 0.00210742 0.000191568
0.00352394 0.00666075 -0.00358537
0.0023373 0.00929696 -0.0158046
4.44e-05 0.00255813 -0.00977232
1.65889e-06 -3.30101e-05 -5.33402e-06
1.54082e-05 -5.60848e-05 1.47896e-05
7.10765e-05 7.24448e-05 -0.00018062
0.000144824 0.000307515 -0.000994557
4.50713e-05 0.00012233 -0.000636087
3.63724e-06 3.80542e-05 -1.05893e-05
1.71747e-05 5.92592e-05 1.65707e-05
6.22712e-05 -2.32346e-05 -3.44438e-06
0.000312777 -0.000748644 -0.00105322
0.000275209 -0.000700635 -0.00158182
0.00141188 -0.00176418 -0.0012443
0.00260212 -0.00452175 -0.000508114
0.00272374 -0.00852283 -0.00141306
0.00399222 -0.0188946 -0.0189031
0.0022549 -0.0126518 -0.0262196
0.013633 -0.0280935 -0.0115149
0.0199799 -0.0518092 -0.00630331
0.0121571 -0.0606636 -0.00445854
0.00376385 -0.0865447 -0.0507747
-0.00386291 -0.0426743 -0.0738398
0.0189706 -0.0561673 -0.015038
0.0244727 -0.0871899 -0.00997597
0.00853131 -0.0687952 -0.00172344
-0.00777217 -0.0800544 -0.0194379
-0.0110764 -0.0334916 -0.0368873

