2 660 3

2.9291164131940113e-17 -1.2974016708788805e-16 -5.607293203866562e-17 
5.759941241259771e-17 -2.3868055204855084e-16 -2.1103102394543628e-16 
4.310920131008446e-17 5.64506209078901e-17 -4.839530087932216e-16 
-5.0553064287770516e-17 1.15152838249011e-15 -7.280151412230441e-16 
-1.5870891532635683e-16 2.3969033850008166e-15 -7.327985789078396e-16 
-1.540229516820963e-16 2.2020401310689438e-15 -4.541525762612385e-16 
-7.535667819465342e-17 -5.201739733216349e-16 -3.2724243466886037e-16 
-4.479446289546239e-16 -1.376618518623736e-16 -7.606010712654954e-16 
-1.4611496778674066e-15 3.191298626391469e-15 -8.617740032921525e-16 
-2.9967957997650623e-15 9.846535788773814e-15 8.71055555288111e-17 
-4.018912134147085e-15 1.4874135616115725e-14 1.6592680886619781e-15 
-3.1324998287839224e-15 1.17790353388333e-14 1.949931874070323e-15 
-5.46994728270752e-16 -9.433842723086809e-16 -2.5019935555223534e-16 
-1.796523885645836e-15 4.13226018085156e-15 1.5154001585380673e-15 
-4.358046036448414e-15 2.028284620412727e-14 8.332635690622775e-15 
-7.782748619373554e-15 3.989008243596494e-14 2.0698713592608305e-14 
-1.0329809634237464e-14 4.334202358538561e-14 3.0716170271909565e-14 
-8.543401997766063e-15 2.5871163440778808e-14 2.509254066666921e-14 
5.0289153047785736e-15 1.3748373777929534e-14 5.547674771997462e-15 
1.4082600423109824e-14 5.757407602154388e-14 2.0863155324974865e-14 
2.8893012184888155e-14 1.359854894357112e-13 5.01222543170344e-14 
4.754780615673578e-14 1.9784933907695207e-13 8.566280130610041e-14 
5.646555916322886e-14 1.7686212847934542e-13 1.0557534484049544e-13 
3.952346495163359e-14 8.994549102156595e-14 7.98686531457292e-14 
3.672009209904453e-14 1.0083480937864094e-13 2.4455284579058653e-14 
6.200390359943869e-14 2.4085403129966354e-13 4.5635121860796774e-14 
7.198832693604813e-14 3.900472693381454e-13 3.4599069654954186e-14 
1.0860024118785441e-13 4.860924320949976e-13 -1.1090623061507802e-14 
1.781426005408669e-13 4.771183601856982e-13 -3.6622108268432906e-14 
1.6755808664972094e-13 3.1831238612246185e-13 -2.2504018015772448e-14 
2.3698843607454915e-14 1.625538370514088e-13 2.1729681324647448e-14 
-2.401342606081579e-13 -1.2577830986328176e-13 -1.055769603631928e-13 
-8.26868892399535e-13 -1.0113543474667576e-12 -4.910650254834625e-13 
-1.2639158878194349e-12 -1.8198646258551457e-12 -9.318944506143744e-13 
-1.1058880234371472e-12 -1.713481914916119e-12 -1.021560767880384e-12 
-5.428348930693736e-13 -8.420438843250948e-13 -6.578274022138445e-13 
-4.216369849595445e-13 -6.301512783232794e-13 -1.153402569343847e-13 
-2.062418592171138e-12 -3.727513536915371e-12 -7.197000124577274e-13 
-4.7179920373283186e-12 -9.121974663737923e-12 -1.824959424315152e-12 
-6.625752889463003e-12 -1.340970516871444e-11 -2.6083325736725447e-12 
-6.534613990865801e-12 -1.3536896208443809e-11 -2.415832104292827e-12 
-4.169133521104809e-12 -8.554601023377955e-12 -1.4593762142600667e-12 
-1.635522479759186e-12 -3.2576688378073008e-12 -4.1854619113252275e-13 
-5.573402351102094e-12 -1.1895655019054611e-11 -1.5611923869131052e-12 
-1.0246116215331997e-11 -2.318448449944642e-11 -2.914245491107948e-12 
-1.2629244844806276e-11 -3.028420534793871e-11 -3.270678245299598e-12 
-1.2836071577948685e-11 -3.1324409392170794e-11 -2.8797285615081703e-12 
-9.298308399521976e-12 -2.2039771225376666e-11 -2.054777072764416e-12 
-2.8030711337005518e-12 -6.169896449559795e-12 -6.429043253004356e-13 
-7.68140442824338e-12 -1.8164015428156016e-11 -1.8078787320148469e-12 
-1.0873723446789684e-11 -2.853361855893453e-11 -2.5582299693534697e-12 
-1.0111885757149274e-11 -3.0655407414056984e-11 -2.6503587022291036e-12 
-1.0491128572267422e-11 -3.1903510666206093e-11 -3.824628799261395e-12 
-9.435089536207767e-12 -2.5681665175598263e-11 -4.143612752344785e-12 
-2.359467559630205e-12 -5.482749690424167e-12 -5.015150489204798e-13 
-5.511262729641361e-12 -1.4054410756321642e-11 -1.1683718131062212e-12 
-5.62272502465751e-12 -1.763472302864065e-11 -1.3679447636152756e-12 
-2.2703524750295238e-12 -1.3296593450409563e-11 -1.952247095255592e-12 
-2.4915609411881044e-12 -1.3591941974671877e-11 -4.611429311043608e-12 
-4.3130393967535496e-12 -1.3940750012841784e-11 -5.471524320537308e-12 
-5.888417640286063e-17 1.5400517732133784e-16 -5.733482906207535e-16 
-8.671634720051825e-16 4.27619417467552e-15 -9.800285201730435e-16 
-3.2304815467853627e-15 1.670777918669893e-14 3.757207707614728e-16 
-6.800599868308555e-15 3.414178161636923e-14 5.130592130871275e-15 
-9.120569882856172e-15 4.222283410801809e-14 1.0539522232703579e-14 
-7.067973124736941e-15 2.986636804439194e-14 9.702321536883917e-15 
-2.2750047427851295e-15 4.328707338232809e-15 -3.199545021450528e-16 
-8.495000470022401e-15 2.5893794577872208e-14 6.539747109618238e-15 
-1.9264011304971422e-14 6.113787897130389e-14 3.1799059027528955e-14 
-2.954427723174374e-14 6.267477142355144e-14 7.584121496186015e-14 
-3.306609622744115e-14 2.870322745934651e-15 1.08391989290586e-13 
-2.4137026340536748e-14 -4.197941298267596e-14 8.596509009265473e-14 
-2.42872499728158e-15 3.43497193465449e-14 1.5077988412401045e-14 
2.9612840089775084e-15 1.1351110748623788e-13 6.944680497925934e-14 
4.388509373295823e-14 1.2734411032927922e-13 1.8586578372673027e-13 
1.316488080768751e-13 -1.7559301327673788e-13 3.1998875871399815e-13 
1.985444952180209e-13 -7.007195095098882e-13 3.655154096845944e-13 
1.5609006376830222e-13 -7.687304394999975e-13 2.5173784920864414e-13 
4.7519401480212055e-14 2.1293073848267835e-13 7.005205555339736e-14 
1.5525856819170071e-13 4.603392678685534e-13 1.5357087218088544e-13 
4.4531168630089877e-13 2.572003444395015e-13 1.2998047740595247e-13 
9.397792913771374e-13 -9.753299496367748e-13 -1.5753876546235228e-13 
1.3328940162298154e-12 -2.4214241818435968e-12 -5.60628286306684e-13 
1.1064377267645166e-12 -2.2237706131703466e-12 -5.909833178274708e-13 
-1.0698004073753068e-13 1.884469659837618e-13 -3.7851102885810145e-14 
-6.9029110438612e-13 -9.401703842817357e-13 -7.290037037909416e-13 
-1.58974895918844e-12 -4.775569246921392e-12 -2.6113799835937705e-12 
-2.139453212667869e-12 -1.0486892320566373e-11 -5.126331037441078e-12 
-1.7181012709320074e-12 -1.2928784015907777e-11 -6.56014500893408e-12 
-5.048190577201578e-13 -8.343333205914578e-12 -5.0700335006865276e-12 
-2.468192586404847e-12 -4.1498972099150145e-12 -1.1865377231002479e-12 
-7.326482805221514e-12 -1.5014185984755848e-11 -4.606372492464808e-12 
-1.2261502202567266e-11 -3.225396065182042e-11 -9.021265960279884e-12 
-1.5740173064704166e-11 -5.1631187662992726e-11 -1.0156764717252477e-11 
-1.846190787205244e-11 -6.228271851308268e-11 -8.254802941410638e-12 
-1.4076852565274916e-11 -4.4774576214294285e-11 -5.590518403423716e-12 
-9.07088660675622e-12 -1.9170175820260068e-11 -3.910224245279711e-12 
-1.3390822539503068e-11 -3.715114854977824e-11 -8.575981573204928e-12 
5.3644877549849545e-12 -2.7978002569433874e-11 -3.4093110385495124e-12 
3.170602557557512e-11 -1.7582236403672634e-11 1.6159817948402038e-11 
2.1996987860007844e-11 -5.7866924218689704e-11 2.6860735400261854e-11 
-3.1892983876797874e-12 -7.876433030586831e-11 1.6081910540007436e-11 
-1.2653758020185085e-11 -3.329970108652253e-11 -5.883322085084175e-12 
2.237969772670373e-11 1.3552609439399357e-11 -2.4601113456864745e-12 
1.6053303697781018e-10 2.402738535556814e-10 3.047607527288952e-11 
3.126406148703199e-10 4.727457663755672e-10 7.230613484543013e-11 
3.0404856698284066e-10 4.049355629099495e-10 6.351608748630225e-11 
1.533199091780021e-10 1.4473001774139185e-10 2.0141292897744425e-11 
-2.6385137803451878e-12 -2.0435626042992445e-11 -4.3079689287207485e-12 
1.0749768853702246e-10 1.7842673879722477e-10 1.1649774276739483e-11 
4.099220250074562e-10 7.643388829342388e-10 5.800294809305526e-11 
7.142854790881915e-10 1.3379750708696982e-09 7.211922112645473e-11 
7.240567488422336e-10 1.2883394695583625e-09 3.908741879032513e-12 
4.1829057068209713e-10 6.708154496867808e-10 -4.974001797979893e-11 
7.887329538521986e-12 3.173697664112316e-12 -1.317495769642247e-12 
1.2742247617686287e-10 2.3846622086103145e-10 1.4584749472512163e-11 
4.1389907606390296e-10 8.394984894849455e-10 4.161317808273166e-11 
6.862925993877923e-10 1.4042735135061257e-09 1.8673491239756104e-11 
7.065895439421983e-10 1.3856645755615696e-09 -5.893294586286481e-11 
4.288687670514719e-10 7.760966750472952e-10 -8.376822793075606e-11 
-3.6787996017567804e-15 1.5097982381448784e-14 7.700933307483399e-16 
-1.4326143364935812e-14 5.444813859799813e-14 1.62387036442304e-14 
-3.1978003196964494e-14 8.027344109734768e-14 6.613426823285844e-14 
-4.5470867548496296e-14 -1.5314554166952213e-14 1.4469928636504655e-13 
-4.4266724097219616e-14 -2.162320409404182e-13 1.9356675640102564e-13 
-2.793545042409482e-14 -2.638401881111229e-13 1.4677469920348528e-13 
-1.8168515239322497e-14 6.239208588572687e-14 3.2705155444933746e-14 
-2.2385874583548058e-14 4.223808813854853e-14 1.5160832663516102e-13 
6.489375144836198e-14 -5.961139142616867e-13 3.6536541788291637e-13 
2.950920726208865e-13 -2.3459579005316435e-12 4.827968415164025e-13 
5.132205164729341e-13 -4.1398506212644684e-12 3.242849640465703e-13 
4.4254899165101455e-13 -3.618102527763899e-12 8.183545496678487e-14 
6.087321120105306e-14 1.9761527039014693e-13 1.8307777217632524e-13 
4.835094867958586e-13 -4.831661633566247e-13 4.214460030296954e-13 
1.7202452757611113e-12 -4.161509871588006e-12 9.353281477278002e-15 
3.589820938281184e-12 -1.054449145988027e-11 -2.245233581990645e-12 
4.897835748810259e-12 -1.3748073461929982e-11 -5.408813600866897e-12 
3.9920185597982486e-12 -9.518072290519386e-12 -5.392509135976039e-12 
3.270580237971933e-13 2.7577714895350296e-13 5.5747081359284166e-14 
1.1976080888034503e-12 -3.775176689234974e-12 -1.8318088556023895e-12 
1.944733778245983e-12 -1.5971764016202056e-11 -9.664471350430677e-12 
6.676446295408387e-13 -2.418238544036646e-11 -2.530421097752741e-11 
-2.6706741109056917e-13 -8.259806804518016e-12 -3.9702484530254543e-11 
1.4149006963776662e-12 1.1702192802944503e-11 -3.402972619781186e-11 
-3.0914909365678187e-12 -7.324008943739783e-12 -3.3909466306691408e-12 
-9.963028698587173e-12 -3.3998785650737284e-11 -1.4226933177397714e-11 
-2.8535530757986157e-11 -8.55625384586354e-11 -3.26544344800368e-11 
-6.710532897698194e-11 -1.1573944263628728e-10 -4.935571389396764e-11 
-9.820242491596731e-11 -6.127550804155215e-11 -5.853700111192554e-11 
-7.493758756530062e-11 1.4619903383930678e-11 -4.7760687916934906e-11 
-1.252596060526897e-11 -3.4574290763483884e-11 -1.2009493478220506e-11 
7.910524681602296e-12 -4.732771215235106e-11 -1.0209074597846167e-11 
7.28555354953039e-11 -5.764323332957473e-12 6.706046208933405e-11 
8.277543012638849e-11 4.148337996613208e-11 2.1808821366590008e-10 
-2.1846027068646034e-11 3.3488256057487276e-11 2.8243831102405893e-10 
-9.969538929994402e-11 -2.2529490882969578e-11 1.8506134725164611e-10 
4.222992037417652e-11 3.810319874746033e-11 -4.050890986385042e-12 
4.0023992407272374e-10 5.992660905163548e-10 1.3296429510358582e-10 
1.0824292607161593e-09 1.7398100287591238e-09 5.613689759852761e-10 
1.5194463968275333e-09 2.6534811580954613e-09 9.9470588204961e-10 
1.423292204946706e-09 2.7517568243088305e-09 9.30074201281019e-10 
8.263411345527861e-10 1.608707904715182e-09 5.186864346363696e-10 
3.095790821517162e-10 5.412376864478517e-10 5.6146503302327676e-11 
1.4231200767934539e-09 2.7210311790674626e-09 4.3850832182212677e-10 
2.5673109856751147e-09 5.3732462299995324e-09 1.1005117484583826e-09 
2.4758808755669287e-09 6.38269151745242e-09 1.2356401955565584e-09 
2.6664741381611813e-09 7.582200432778622e-09 8.124532797498794e-10 
2.4585627906856414e-09 6.09489181239518e-09 5.641796298838043e-10 
6.645720989089318e-10 1.32898210713912e-09 1.3233012749016063e-10 
2.0560970419296527e-09 4.6698169716335955e-09 5.920965662961298e-10 
1.3504370613355297e-09 5.155701192231038e-09 8.992065593675902e-10 
-2.384254158510656e-09 5.697734345409349e-10 6.847582051264329e-10 
-1.8978279272166306e-09 2.4543889088024895e-09 1.6645270875722203e-09 
1.3210226261764403e-09 5.835003753527925e-09 2.7209565127697564e-09 
6.170698556791549e-10 1.331569437319672e-09 1.2367796850235754e-10 
1.3391150593159274e-09 3.6434247779140374e-09 4.013569914532659e-10 
-1.2641221733345945e-09 5.828965296397593e-10 3.8488174519758743e-10 
-7.058067713830007e-09 -8.778182537341737e-09 8.124932230328863e-10 
-6.734625269079344e-09 -8.266628780968528e-09 3.887207152073344e-09 
-1.4969029696661312e-09 -8.204004297142751e-10 5.579742752121093e-09 
-2.436886937041098e-14 7.487393140170927e-14 4.336595148310405e-14 
-3.676771990368422e-14 -9.487119562150089e-14 1.888148149006003e-13 
6.5280683469611e-14 -1.375763443445505e-12 3.9597552805838635e-13 
3.7445731583856544e-13 -4.260866200383761e-12 3.4182363981293546e-13 
7.064820611650622e-13 -6.804170665646128e-12 -1.0953646807422084e-13 
6.389962951485402e-13 -5.657511562613904e-12 -3.7717409682393083e-13 
4.0835946331050216e-14 -1.9083167823413358e-13 2.672582224297511e-13 
6.933661592987872e-13 -3.1906552327711786e-12 3.7638429066941604e-13 
2.7909959967813468e-12 -1.191756032666745e-11 -1.7449652900866076e-12 
6.1149071857714315e-12 -2.0716030771608018e-11 -8.91004440912581e-12 
8.523507456390877e-12 -1.8035720354739244e-11 -1.7558344456383457e-11 
6.9577459317291446e-12 -7.408009530134149e-12 -1.6333595983637984e-11 
1.2492756118265815e-12 -2.0480576449424727e-12 2.302450103997989e-13 
5.183234085311477e-12 -1.3022367200979382e-11 -4.95235649301625e-12 
9.837036602296145e-12 -1.6166637688222168e-11 -2.8865121817151927e-11 
8.012104293831005e-12 5.703693030723171e-11 -7.579816797514399e-11 
2.4527668957524628e-12 2.0562877343861872e-10 -1.1310388605600312e-10 
1.4958324424313567e-12 2.3311083261382106e-10 -9.220362311447905e-11 
1.5263501108785062e-12 -1.1433383838805335e-11 -6.2681941263864106e-12 
-9.566207644489756e-12 -4.0521623289787275e-11 -4.058829302192952e-11 
-8.313810541936157e-11 4.260065764572881e-11 -1.2251152804669704e-10 
-2.43031647940263e-10 5.173298976054641e-10 -1.9343432004415742e-10 
-3.6614941319126594e-10 1.1973915315846724e-09 -1.5887855978201373e-10 
-2.9448270769133837e-10 1.1802679771638235e-09 -6.454096743291073e-11 
-1.7039819341103092e-11 -6.429905094975033e-11 -2.9055666688193632e-11 
-8.89162857659772e-11 -1.458041565881158e-10 -5.4865462171065647e-11 
-3.2271163900150514e-10 1.5345279325944724e-10 1.1035441801119826e-10 
-6.402889757286791e-10 1.3279839634251114e-09 7.237668269607454e-10 
-8.485651060713353e-10 2.3338392962380492e-09 1.4960262944139034e-09 
-8.510830047027801e-10 1.6458087085586239e-09 1.4551523219646986e-09 
1.1464655569934476e-10 8.723993204408913e-11 2.3347505444568133e-11 
6.219482476394486e-10 9.465752210075271e-10 5.694663123528367e-10 
1.606949092638582e-09 3.6421742486362085e-09 2.250852231895855e-09 
3.3763789770069184e-09 8.71771549972255e-09 4.096460946061844e-09 
4.924042592715846e-09 1.140365787788038e-08 4.428208874523747e-09 
2.9799312908218724e-09 5.987088777725655e-09 3.319509186444561e-09 
1.1097731720951317e-09 1.8564739203277438e-09 4.544782509382177e-10 
2.54834364344863e-09 4.98313371635216e-09 2.369214955569036e-09 
-5.404773918676633e-10 4.471136706280881e-09 3.5931370579970665e-09 
-4.620806391792175e-09 9.39568970130209e-09 -2.7362823261370324e-09 
3.0210160902590793e-09 2.9745849081936503e-08 -1.1498490900443998e-08 
8.20081143785133e-09 2.983863442533208e-08 -9.396857370148412e-09 
2.515020026597738e-09 5.311030053091021e-09 1.2172487128049123e-09 
-5.538128901755436e-09 -5.237369442367385e-09 2.5722484437430938e-09 
-5.195595647544816e-08 -7.313210379882976e-08 -7.00731505970621e-09 
-1.0758961945855713e-07 -1.3764394202631955e-07 -3.2938151626509976e-08 
-9.640644470466504e-08 -8.936837298968133e-08 -4.241441714777771e-08 
-3.85705221740038e-08 -1.550250824721111e-09 -2.2555534536193095e-08 
1.3142444616890402e-09 5.170689226963794e-09 1.4614509623583462e-09 
-3.373609132203953e-08 -5.2416525737299044e-08 -1.293768262946334e-09 
-1.5444070860486477e-07 -2.6521986944620043e-07 -2.1033726268076915e-08 
-2.7487486685260367e-07 -4.66114288470098e-07 -3.572127187932397e-08 
-2.7870710647740357e-07 -4.3111974386049413e-07 -7.606036511039561e-09 
-1.5414908652777808e-07 -1.8821593846277662e-07 1.940422735958789e-08 
-1.2321177606669994e-09 9.48848916259348e-10 8.848606331909103e-10 
-4.4359455212527214e-08 -7.594490100825891e-08 -3.652021028669963e-09 
-1.626152215012546e-07 -3.123741873728235e-07 -1.635750250052761e-08 
-2.5831530715896974e-07 -5.111273862910593e-07 -2.188025437223271e-09 
-2.7684568645170273e-07 -4.95379168236496e-07 3.5538075034667435e-08 
-1.7177379171542192e-07 -2.4774661008475376e-07 3.801348077372106e-08 
-5.437050241399806e-15 -3.0619474678278465e-13 2.331733764191217e-13 
4.614718515408387e-13 -3.744730069224711e-12 2.4765114696441484e-13 
2.1684211449841606e-12 -1.3082011078222554e-11 -2.1628124968810444e-12 
5.058403409997063e-12 -2.174074735362989e-11 -9.875694507447511e-12 
7.223960851056813e-12 -1.8111919918506085e-11 -1.8912374265041816e-11 
5.891824314387976e-12 -7.054372855994053e-12 -1.7352124563719696e-11 
1.249019949127714e-12 -4.999584136827342e-12 -5.257200547414416e-14 
6.0665495741355066e-12 -1.894252224685375e-11 -8.723934704885485e-12 
1.292601659705701e-11 5.3744683824672454e-12 -4.5518764270131926e-11 
1.1679309298279208e-11 1.827863013006368e-10 -1.1045877914652689e-10 
7.191751903781162e-13 4.560155728310207e-10 -1.5077386132806638e-10 
-5.399126974378535e-12 4.633060451366532e-10 -1.1493320646121701e-10 
6.760043654211916e-12 -1.7389531319137142e-11 -9.855214949328463e-12 
8.105401284504118e-14 3.637835750251911e-11 -7.046310838015113e-11 
-1.046194126253745e-10 6.183932176243679e-10 -1.712620282978016e-10 
-3.821834331958853e-10 2.059639170178449e-09 -2.250138443360412e-11 
-6.751280657581491e-10 3.254630417130932e-09 5.406167696337075e-10 
-6.222776324696592e-10 2.6472374709757763e-09 7.54397742024157e-10 
-2.3395622708889427e-11 -4.836231452564307e-11 -6.191078739383213e-11 
-2.9342166172404205e-10 3.455797454580841e-10 -1.764476404588025e-10 
-1.1480572403516603e-09 2.334839019151408e-09 4.3722482070882785e-10 
-2.2501281645113546e-09 3.6037309425664875e-09 3.776839436881293e-09 
-3.0597034160429177e-09 -1.2819298362362402e-09 9.10723850061123e-09 
-3.0480037076560576e-09 -5.875715065774777e-09 9.501033827807502e-09 
-1.3966886478007677e-10 -1.4592778083364042e-10 -6.695151592211516e-11 
-5.062385773128487e-10 1.285989018650719e-09 8.774787282329719e-10 
1.440107625373359e-09 5.991673341961573e-09 6.734478770398427e-09 
1.110209351421229e-08 -1.301414303025811e-09 2.0941834419425844e-08 
1.9564055282873968e-08 -4.081756721330527e-08 3.624017865006425e-08 
1.1762229068221043e-08 -6.285900598342819e-08 3.399109158525624e-08 
8.166901309369616e-10 1.3320434553788298e-09 9.120093375865495e-10 
3.5845323810736532e-09 8.287700582697921e-09 6.296156021877575e-09 
1.8639742782150757e-08 2.869332912786098e-08 1.3691435250268983e-08 
6.159929933367102e-08 3.8769503992385885e-08 4.061390045406853e-09 
9.861292817607453e-08 -2.1273577617688066e-08 -1.2144318626214947e-08 
7.797974808559369e-08 -7.624275854878894e-08 -5.9418212347465e-09 
1.3129154515243283e-09 2.8887055567940044e-09 3.593469175272316e-09 
-2.8490830695805173e-08 -3.4899236600954586e-08 1.971107185561284e-09 
-1.2014376465204582e-07 -1.3198294014212124e-07 -7.805866815774944e-08 
-1.8183460934735908e-07 -1.999050014375656e-07 -2.6109726635163976e-07 
-1.376433716366622e-07 -2.593175590437434e-07 -2.789807385574904e-07 
-1.450605598326811e-08 -1.0506420809199522e-07 -1.2625281778864846e-07 
-2.0338495710571852e-08 -3.0926710572756575e-08 3.2886025127961697e-09 
-2.0813364690195884e-07 -3.3668839635893395e-07 -4.9655724826727856e-08 
-4.1081966530508943e-07 -6.358744083317892e-07 -2.965717045693312e-07 
-9.697009645476609e-08 -4.0491147866453595e-07 -4.420424991896264e-07 
-2.0743926929813437e-07 -1.397490104958557e-06 2.637129921400673e-08 
-4.334533046912968e-07 -1.3596367319378307e-06 2.423430497253609e-07 
-7.44810889587339e-08 -1.270244159840698e-07 -4.3325514803339505e-09 
-3.651779849444105e-07 -7.400710631614551e-07 -1.1260720729223905e-07 
5.585344790243023e-07 3.1845804936061345e-07 -2.615016581600162e-07 
3.7928211164516e-06 4.369780852241101e-06 5.747580967760402e-08 
3.332943283487766e-06 2.046638037239701e-06 -2.6668739858820567e-08 
3.05342055130671e-07 -1.1931728717724799e-06 -1.000256729139816e-06 
-8.735005952667333e-08 -1.5907319876258595e-07 -9.11512396134614e-09 
-2.080201995482739e-07 -6.158432429541208e-07 -1.0349708424270708e-07 
1.9554593250746023e-06 2.2363645562021445e-06 -6.61312856165561e-08 
7.237542848329004e-06 1.0249125712374907e-05 -1.5242713495702354e-07 
6.897566471927158e-06 9.732154862496234e-06 -2.828520319776706e-06 
2.1023230886161107e-06 3.813280984792805e-06 -5.017341560019373e-06 
5.218135398883705e-13 -3.661941709868344e-12 1.4288025159714832e-13 
3.2407073687237327e-12 -1.6362789882280903e-11 -4.9313126543037434e-12 
8.120200822822756e-12 -1.3314972671638158e-11 -2.8902909972984867e-11 
9.585707547839099e-12 7.973862408570753e-11 -7.51252710238805e-11 
4.456760097259328e-12 2.4130856822243535e-10 -1.0877895814334527e-10 
-6.274106815548143e-13 2.5724263488572886e-10 -8.644087590435074e-11 
5.923853625655894e-12 -1.8685837027133508e-11 -8.912422375884384e-12 
8.183408935847038e-12 5.707353601647823e-11 -6.584882931353649e-11 
-5.397526573486641e-11 7.201185565987887e-10 -1.4983058817317478e-10 
-2.587812364899136e-10 2.227581331686088e-09 6.31847958885557e-11 
-5.18394645557918e-10 3.3431852484471637e-09 7.197741622470447e-10 
-5.142229226036714e-10 2.640629986405341e-09 9.178914895552724e-10 
-1.4054530266330447e-12 3.024074022318302e-11 -6.513022770555851e-11 
-2.387845815887793e-10 1.0869820831899729e-09 -1.0340339935019263e-10 
-1.1848274053323366e-09 3.722637904897084e-09 1.6491921381544403e-09 
-2.7887243045232548e-09 -3.373931145942693e-10 9.199105852877632e-09 
-4.3363593958142075e-09 -1.802758075525594e-08 2.0006842153023584e-08 
-4.273326147519451e-09 -2.5201659402053483e-08 1.9880477795466743e-08 
-2.898130702357138e-10 3.1442007728837754e-10 -1.5698561376904782e-10 
-1.613617460467542e-09 3.344715167218086e-09 1.587552274308416e-09 
-1.0196374445680855e-09 -8.633299746369841e-09 1.565182708823942e-08 
1.0633975349293918e-08 -1.0343903317842179e-07 4.5558435197773173e-08 
2.615082094048923e-08 -2.619250482514326e-07 5.795565634189446e-08 
2.26684616002201e-08 -2.7560885404842497e-07 4.265233035595809e-08 
-6.202948693272734e-10 1.1230922323539731e-09 7.574946817493406e-10 
5.693773011995269e-09 8.69799716733811e-09 1.2799253822598633e-08 
6.434401737148444e-08 -5.353333673235576e-08 5.125313742735066e-08 
2.020150285778999e-07 -3.456039620761291e-07 2.400747824296158e-08 
3.098512753257771e-07 -5.951968409585891e-07 -2.1645669798520128e-07 
2.9896956936624355e-07 -4.5746093788447215e-07 -3.4657237505574456e-07 
3.1788406361941616e-09 7.088031741768899e-09 6.449778877272657e-09 
3.5062954709434635e-08 3.884955084762938e-08 2.4718643318842762e-08 
1.1506040831606306e-07 -6.752544752889613e-08 -1.0571180309605506e-07 
-2.029603184806631e-07 -6.845212832224615e-07 -7.712133651736159e-07 
-9.007352439914171e-07 -6.504453286277495e-07 -1.7315997312742325e-06 
-2.605499386342642e-07 7.357642539205372e-07 -1.8809633767177033e-06 
-1.979107744037588e-08 -2.522334183646754e-08 8.460887519149351e-09 
-1.7884358158902618e-07 -1.6224730725197503e-07 -1.5508592912589842e-07 
-6.608150710583731e-07 -4.067581041693885e-07 -1.3032860109056033e-06 
-2.8605826090585817e-06 -3.0862233308531772e-06 -2.3407140354635494e-06 
-6.69343668793787e-06 -7.333525235131422e-06 -3.645194333271734e-08 
-4.1882762728817635e-06 -2.197424707778284e-06 1.1159778106097085e-06 
-1.624757757133301e-07 -2.6507101253622236e-07 -2.9058722772586844e-08 
1.5668815139899955e-08 2.329288244394198e-07 -6.243495688107057e-07 
6.926824509999319e-06 1.046109866340017e-05 -1.3468852662311404e-06 
1.8988425723343028e-05 1.789707700128318e-05 6.5736068214639065e-06 
1.0550198842995684e-05 -4.7961723654843524e-06 1.7333270775243825e-05 
-5.208947756463189e-07 -1.4632807393555325e-05 1.3607169067314517e-05 
-2.920941730132307e-07 -5.977180422445912e-07 -9.362284267215272e-08 
3.867744816360777e-06 5.486885932780988e-06 -6.464498934334682e-07 
3.1892559448520874e-05 4.8851258340087966e-05 2.8844780818672614e-06 
4.939823642313712e-05 6.994801999127276e-05 1.1452721127958032e-05 
5.258827135623534e-05 7.14784328241791e-05 4.9574438432120616e-06 
3.0743514704001385e-05 1.9823994030332415e-05 -1.3496738531237895e-06 
-1.660844343043678e-07 -5.071828219986021e-07 -1.0277775601510883e-07 
7.186076553748755e-06 1.0176998059344133e-05 -1.887481792246619e-07 
3.5595167219848456e-05 6.428692706350603e-05 5.579751891637841e-06 
8.986197851612587e-06 4.956062115368809e-05 -3.18981623256831e-06 
3.291668020732885e-05 5.1752554895756475e-05 -7.074611254667684e-06 
3.5478997868265694e-05 4.952258819912458e-06 1.448036277396092e-05 
2.3003134069960382e-12 -1.2462753157269709e-11 -2.6410989139331073e-12 
6.87074511382258e-12 -1.3224656802149539e-11 -2.823864472170556e-11 
-2.1795805297650307e-12 1.877714138151647e-10 -9.831631643808444e-11 
-5.1123771803273864e-11 8.199483093488255e-10 -1.3912134446409328e-10 
-1.202698133861836e-10 1.498186455562129e-09 -4.725631329414939e-11 
-1.2594924575852549e-10 1.3383592040148889e-09 4.297166095104924e-11 
8.800093427388154e-12 2.1161155432265507e-12 -4.156865528703959e-11 
-6.822723831070359e-11 6.931372552187367e-10 -1.2311988534077033e-10 
-4.5742184848478144e-10 2.9856495219879134e-09 6.626289491368024e-10 
-1.1809301146469946e-09 2.9655790408750366e-09 4.737071240012954e-09 
-1.9240297885752452e-09 -4.364661124394284e-09 1.0974156916144684e-08 
-1.9116277741428482e-09 -8.697211363018971e-09 1.1048916310194902e-08 
-1.2426698343869767e-10 5.41910060948077e-10 -1.111135722129383e-10 
-1.0931095344350349e-09 3.6163546373544843e-09 1.7014077219807212e-09 
-1.9542064542729703e-09 -1.4181956834249515e-08 1.674507500140162e-08 
2.4263579879088955e-09 -1.254427813393618e-07 4.775245647468076e-08 
1.1178719954598068e-08 -2.9044882899926287e-07 5.5592189326713614e-08 
1.3945114420436185e-08 -2.9196812166959797e-07 3.8193072755362145e-08 
-1.19521539640372e-09 2.125868939184037e-09 5.144278268720857e-10 
-3.9949847914614816e-10 -6.983081654449184e-09 1.390549023236398e-08 
3.964931226393182e-08 -2.1672967314511616e-07 3.6291105694184794e-08 
1.731987165250396e-07 -5.161340648704449e-07 -3.1603461450878433e-07 
3.914559421911779e-07 1.9175606018524173e-07 -1.4450222209879456e-06 
5.10707318396135e-07 8.252961884169796e-07 -1.7694554958480602e-06 
-7.132891755450767e-11 5.3529726467556764e-09 5.842881688195887e-09 
6.181624472615727e-08 -4.583255824841226e-08 4.372841441278218e-08 
3.1052995115218106e-07 -5.505449307922047e-07 -2.2865664448233263e-07 
2.3285435223996225e-07 2.139376587067046e-06 -3.0692557574860113e-06 
-2.7850026094317082e-08 1.4025425099144229e-05 -8.942537379881543e-06 
1.3916216830070494e-06 1.9295359165893977e-05 -1.0894005424463837e-05 
1.5139170197336265e-08 2.1353275082336854e-08 2.1411891395758716e-08 
1.3561836852119436e-07 -5.660394949401359e-08 -6.396654061783653e-08 
-1.5764883559345622e-06 -1.632930456438135e-06 -2.2057258301227e-06 
-1.2953364085681318e-05 4.815493059473486e-06 -9.14951258935981e-06 
-2.4296891998343284e-05 3.6882982236141615e-05 -1.425825425105387e-05 
-1.4916261907915729e-05 5.3926043793062206e-05 -1.5077834395194056e-05 
-7.220416586191414e-08 -8.225964563101168e-08 -1.3511502651310277e-08 
-6.484500928835481e-07 -2.5779671580360847e-07 -1.2599197805354635e-06 
-7.0830927866305515e-06 -5.620984178111854e-06 -6.496930654721622e-06 
-1.7432101775294306e-05 -1.1798052069522669e-05 1.6991095972362924e-05 
1.3785530831533777e-05 5.034073290843821e-05 5.4038547350199195e-05 
5.757065033584752e-07 5.144610067642219e-05 2.8908402641358855e-05 
-3.399101663882593e-07 -4.868445568567497e-07 -2.1466535083395955e-07 
4.241840712820855e-06 7.863320049997236e-06 -2.559432089679209e-06 
4.1506534818269714e-05 1.9402100631893404e-05 2.6477894472520802e-05 
9.79987143026051e-05 -0.00012478320412157018 0.00023974443877960994 
7.813164459236077e-05 3.65842249010484e-05 0.0001083962462242738 
1.638827886552008e-05 5.087108853985001e-05 -0.000201286368723963 
1.0722508395050569e-07 -1.9625299838097604e-07 -4.037812289225522e-07 
2.3146022944529887e-05 3.740162762411181e-05 8.419518552054556e-08 
-0.00010761076950238646 -0.0001583816516088632 6.278102027845733e-05 
-0.0013161554333791514 -0.0016030366904828952 8.124936866238386e-05 
-0.0010983932466217539 0.00037449296308977864 -0.0005798937127394765 
0.00011452503819953108 0.0011267077497336686 -0.0004610517555079241 
1.0111102216716142e-06 8.362877747239081e-07 -3.321943774474835e-07 
2.74783682850388e-05 4.976751368968024e-05 4.393825320934963e-06 
-0.0005097833007710051 -0.000557981419106568 6.674081783741848e-05 
-0.003524329203443699 -0.004359104001025571 -8.634419401154503e-05 
-0.00308657157765424 -0.003889252389512876 0.0013643796697095922 
-0.000776342386133777 -0.0023954111634054698 0.0032659186149999186 
4.566126756658174e-12 -2.0902228687968494e-11 -1.0424717588911767e-11 
-2.621008267914191e-14 7.245891791535529e-11 -6.642879461238355e-11 
-6.972377988621178e-11 7.953514393712763e-10 -1.1291435301834723e-10 
-2.3397429555077467e-10 2.2658117178051415e-09 2.3518680070866833e-10 
-4.0192767220705543e-10 3.1196942848124206e-09 1.0530787337392406e-09 
-3.9366769859698984e-10 2.3238766420029272e-09 1.2105698249695439e-09 
-1.0335349584182062e-11 1.5254583663710452e-10 -8.313256050081785e-11 
-2.9221501925293787e-10 2.083359735937536e-09 1.8892950391041671e-10 
-8.720282124089054e-10 2.90495685152896e-09 4.6679122773598766e-09 
-7.71533077453674e-10 -1.953026059874717e-08 1.910975484187582e-08 
-3.492586493227468e-10 -6.858634796824219e-08 3.5078208902089406e-08 
-1.967597925969829e-10 -7.780865900443825e-08 3.24886524137761e-08 
-4.4515537571557085e-10 1.7551383560215974e-09 1.926676881354447e-10 
-1.486085462021523e-09 1.0855761701222035e-10 8.358031326712249e-09 
6.723963999373331e-09 -1.207037050906868e-07 4.060990122590475e-08 
2.8524185789204506e-08 -4.318048717637851e-07 -3.899983667109976e-08 
5.466195556731539e-08 -4.529682578205895e-07 -4.303191004000149e-07 
9.873496637887911e-08 -2.3708342010555833e-07 -5.488131517446645e-07 
-2.2901149326490293e-09 3.7026941834078036e-09 3.378798393162126e-09 
1.6912925946003407e-08 -8.671804972651211e-08 2.848583330308833e-08 
1.3037601020661385e-07 -5.086822287166917e-07 -3.332079996497424e-07 
1.5869725663100742e-07 3.949408562849838e-06 -3.9971467668681315e-06 
6.40161247199289e-07 1.87049653335436e-05 -1.0932056811158164e-05 
1.5150481110920433e-06 2.3127847742901442e-05 -1.249686434902364e-05 
6.567689663530601e-09 1.8603880778285712e-09 1.5873661806944282e-08 
2.1185757512000973e-07 -2.95788515111803e-07 -1.6064302039287123e-08 
-1.1870748663992542e-08 1.6879186588688103e-06 -2.55467747031779e-06 
-5.0946130999984796e-06 3.732400351807996e-05 -7.122877719367704e-06 
-1.4928932115076954e-05 2.6169079871962708e-05 6.583046192232267e-05 
-2.7108360692196243e-05 -7.48052907173502e-07 9.186729325172394e-05 
5.5650777206957424e-08 1.5007582640442925e-08 3.908510351781502e-08 
1.5403109328327466e-07 -6.415341027766639e-07 -5.395744015719366e-07 
-1.1830955793412298e-05 3.24632409012815e-06 -6.83894902764326e-06 
-4.532942315166322e-05 6.616269743631165e-05 3.7305822689237544e-05 
-4.3307366044409434e-05 -0.00042647289225783425 0.0004773362213441601 
-0.000238374965896071 -0.0008565598221110804 0.0008235464967789596 
-6.091007166849653e-08 -1.2558339962575802e-07 -6.590925942603248e-08 
-2.089904344516197e-06 -1.3909771295270157e-06 -3.5330170331934405e-06 
-2.141404260092017e-05 -6.180194594751498e-06 2.3823496489439044e-06 
0.00042337021259442054 0.0004441950894999991 0.00031239152784934276 
0.0022093414489035013 0.001276211745278033 0.0003195633414350141 
0.0009630594093537059 -0.0004873959433098207 0.0007302417197649902 
-2.9843631956991395e-07 -3.3604832710846036e-07 -4.908424279815031e-07 
9.303729960469242e-06 1.4056411204332875e-05 -4.051766525528522e-06 
0.00012474159600728285 -0.00010834012598159859 0.00020794319744110723 
0.0011443360907854583 -0.0006618140063210376 0.0018982423599249731 
0.0028860904927654474 1.6904596122913063e-06 0.0007097809477869532 
0.0006152925095648243 -0.002606142137722145 -0.0017674982719313448 
1.0872790603393828e-06 1.3845593030640396e-06 -7.509189251344222e-07 
3.593168881610431e-05 5.7804732170207984e-05 5.3229179681688055e-06 
-0.0006328132529276331 -0.0010946781636107517 0.0003159293675034647 
-0.004982806638508919 -0.006208071958781147 0.0007143726422924601 
-0.004458349737546996 0.003714460469836922 -0.005915288649021022 
0.0006368918201928864 0.007439093583343492 -0.008135629391262 
2.7964662214071886e-06 3.5413893266240254e-06 -4.851046535600621e-07 
2.271592997793448e-05 6.1007208142616065e-05 1.3846127380812145e-05 
-0.002090334134770444 -0.002527597814633964 0.0001731446302679629 
-0.012571805208779097 -0.015050264256615264 -0.0003000494886933325 
-0.011614285022687909 -0.012036641121881075 0.005709228749367412 
-0.0030322657348165194 -0.007319935318832904 0.013972120377843567 
5.132100567990003e-12 -2.129627014607691e-11 -1.872962299741657e-11 
-2.1470381515104956e-11 2.1266397864441482e-10 -8.489693426183769e-11 
-1.6458797969003257e-10 1.4502047042761127e-09 2.314686061574088e-11 
-3.648465803894795e-10 3.1846826586555553e-09 1.0852358615175915e-09 
-4.587885648942353e-10 3.033111449140362e-09 2.935114604679464e-09 
-4.1880960955057374e-10 1.4433134682175548e-09 3.0447582839553204e-09 
-5.170062174296032e-11 3.7298840910639887e-10 -8.610817261490715e-11 
-4.901783164300885e-10 3.177007705139631e-09 9.181247099836408e-10 
-1.3255798611653751e-10 -3.413445369282122e-09 9.86302982053455e-09 
3.674718591081674e-09 -6.533577972774957e-08 3.104754854646892e-08 
7.262892951195536e-09 -1.6859577296609643e-07 4.442764178156847e-08 
7.955962782077686e-09 -1.7612705670341151e-07 3.664482011013181e-08 
-7.493410689747491e-10 2.8180006474133287e-09 8.722835033728266e-10 
6.112665105050493e-10 -1.3985088998630357e-08 1.545094690195009e-08 
2.3272506603655243e-08 -2.693336185061715e-07 2.5471903642516257e-08 
-3.36110955701744e-09 -4.4267787442403995e-07 -4.405184629595381e-07 
-9.989166636741043e-08 8.316551427605366e-07 -1.759565809682142e-06 
3.267898288539413e-08 1.5536794434000377e-06 -2.0310117100842857e-06 
-2.238720639723941e-09 1.8478821696403543e-09 6.638583510164748e-09 
4.638292730606085e-08 -2.0888198678723105e-07 5.288872587538105e-09 
2.7919152551154382e-08 8.255044193767984e-08 -1.311086408638533e-06 
-8.055704352888382e-07 1.7641471282622834e-05 -9.021803461337075e-06 
3.7502262666966324e-06 4.7918069577601585e-05 -9.912020409785782e-06 
3.6871494055734644e-06 5.287777177909181e-05 -1.0529826899752237e-05 
1.8524233142054978e-08 -2.0527487193525947e-08 2.0409478784477593e-08 
3.427921724424751e-07 -5.334773455922966e-07 -2.5265947257319956e-07 
-2.1328544691640028e-06 1.107228043775721e-05 -4.789089200998853e-06 
4.392725109436668e-06 3.291526698712133e-05 7.05589703171583e-05 
0.00010081697419472846 -0.0008948931553867112 0.0008352456027012067 
-6.089804625908357e-05 -0.0012925487018122794 0.0010972180358876926 
1.1747867581171959e-07 -6.781593554831821e-08 4.4164977013588574e-08 
-3.597303630503538e-08 -1.033682909667077e-06 -1.0307614557423812e-06 
-2.8922340609674815e-05 2.7678632688488136e-05 -1.0184521319067663e-06 
3.7347127114450984e-05 -0.000306830414897874 0.0003340909927089797 
0.000562741667465616 -0.006680706164274852 0.002814734133323782 
-0.0011733144150412045 -0.009451021612733257 0.005514585177479603 
1.0490970836583152e-07 -2.5885746432431964e-07 -4.5686342408252145e-08 
-4.1462860901654575e-06 -2.136278286577614e-06 -5.021873877664694e-06 
-5.004835542343766e-05 5.929838433882395e-05 9.771455684259855e-06 
0.0015303573616343158 0.0010042363663558262 -5.815730396818708e-05 
0.008043432473833434 -0.00036494699827471777 -0.006496299247714887 
0.0014490845685202203 -0.003960536807085191 -0.0009967772111849627 
-2.3231217608735578e-07 -4.7387931755189794e-07 -4.4892519904051495e-07 
9.499515780664325e-07 8.004747883871843e-06 -9.626039143777188e-06 
8.39834783796789e-05 -1.3287100625092307e-05 0.000193248742681007 
0.002713077161729416 4.412309334611564e-05 0.00264079537502937 
0.00860528320663434 -0.002908401622562451 -0.002042884682055046 
-0.0012509170538805847 -0.010584727993204979 -0.0011504656923833068 
2.0552086410128255e-07 5.340396661279723e-07 -6.944936912985393e-07 
2.6898426840948897e-05 3.924388115494892e-05 -3.1384776827680927e-06 
-0.00015284985735064538 -0.0004329745786009198 0.0002600039611744265 
-0.0020641506023935108 -0.0035996458196905223 0.0016035991910960945 
-0.004122118361920002 -0.002210331207834315 -0.00578130766870899 
-0.003241723491896664 -0.0009117534714278008 -0.010796926829442555 
1.177066681189859e-06 1.8069827438195116e-06 -4.864323212163237e-07 
3.15421251445569e-05 4.6061983089318304e-05 2.7173338504084266e-06 
-0.0007134017170926654 -0.0009092405611710319 8.220996375518652e-05 
-0.005144562165554589 -0.005746998999200059 -0.00011917361575086716 
-0.004971300270824486 -0.0030369082680863357 0.0016372692579409431 
-0.0006992411518922381 -0.0007025409748848688 0.0055900180193475535 
4.2825633266481244e-12 -1.9596707568281764e-11 -1.9643841409145535e-11 
-3.503622217226911e-11 2.444095697940673e-10 -7.361941220931178e-11 
-2.0037599045047626e-10 1.5514955226946136e-09 1.0098036463705496e-10 
-3.397941357987604e-10 3.214027192498697e-09 1.2716838863322758e-09 
-2.554767889671687e-10 2.7315548251896494e-09 3.1430152930485e-09 
-1.7426340825812725e-10 1.0337780151411423e-09 3.164422673736156e-09 
-7.262262320214947e-11 4.1804266544908526e-10 -6.290694893520307e-11 
-5.013340851688027e-10 3.2618644727593244e-09 1.12192440260893e-09 
9.130367168407283e-10 -5.322160641527128e-09 9.842050304274897e-09 
7.821335251099634e-09 -7.448328646430508e-08 2.7650747765658885e-08 
1.356725179853572e-08 -1.8462177550640288e-07 3.4889566424257764e-08 
1.3928249145063995e-08 -1.9029466393129612e-07 2.6819283594943307e-08 
-7.837796463700111e-10 2.9929826058709518e-09 1.0786600776757267e-09 
2.6645093525810063e-09 -1.756319490798059e-08 1.464731998174877e-08 
3.0160050034008237e-08 -2.904515488803171e-07 4.617931629178465e-09 
-8.040595073473744e-08 -3.749150745039438e-07 -4.983908327189793e-07 
-4.0673882092164687e-07 1.2223924781115843e-06 -1.776691081490419e-06 
-2.945439798464865e-07 1.986676658139938e-06 -1.9922772351898058e-06 
-1.6674920501000248e-09 1.7296303982960767e-09 6.54781811229376e-09 
5.5420362797177745e-08 -2.3149864324327769e-07 -1.6616879372127733e-08 
-1.9634649272670494e-07 3.4983053104169215e-07 -1.3679262006749144e-06 
-2.185090419923319e-06 2.020916759855329e-05 -7.476473511416892e-06 
6.380131501004804e-06 4.943293242753999e-05 -4.501513239052457e-06 
5.729601567305842e-06 5.341424165350439e-05 -5.332984885253467e-06 
2.158930886097788e-08 -3.267821022052446e-08 1.6282925202816514e-08 
3.3111291214294055e-07 -6.171604739262321e-07 -3.0121723880433384e-07 
-3.7068929578526477e-06 1.366179042547322e-05 -2.8145052255040826e-06 
3.097323575174116e-05 1.754252192576189e-05 8.817755839540808e-05 
0.0003927016621894097 -0.0011166553757391284 0.0007806885891668003 
0.00022052512436943061 -0.001480816584020772 0.0009959843493305698 
1.3613025915105935e-07 -1.6459181638965463e-07 3.2126669787058724e-08 
-3.002360166607038e-08 -7.383987712431504e-07 -9.932832883338943e-07 
-3.270479016384553e-05 4.256063345509098e-05 6.31894089603291e-06 
0.0002166419860021307 -0.0004765204990917482 0.00018519204515854426 
0.002124722325561379 -0.007193171481787886 0.00036753912362996743 
-2.7756223687447346e-05 -0.007864465418663258 0.0028346078300955924 
2.4459600987422057e-07 -3.63548538995642e-07 -8.767589707914014e-09 
-3.5509740102836196e-06 2.1505358595577066e-06 -4.819884853865183e-06 
-6.236086514121997e-05 6.517100149686095e-05 2.065089228109329e-05 
0.0018227717991594616 -0.0011913766783830937 -0.0004309881364861212 
0.010345828914822164 -0.005548848692001229 -0.014541311567882076 
0.0010163059639012317 0.0063993357960043795 -0.00797875341800136 
1.1704045629586449e-08 -2.0250645179324548e-07 -2.2558345323682027e-07 
-3.191788117529182e-06 7.669639329896394e-06 -1.2210412796370782e-05 
-3.4733005498388536e-05 1.966931270480643e-05 0.00012319656447523641 
0.00207208542110493 -0.0025319678635469245 0.0037004329490883947 
0.008240454808913 -0.006232253889606909 -0.0013742567612098355 
-0.0035224191976794827 0.010929523461868484 0.0007245868582685944 
-1.6063386492427877e-07 -3.2963765554986594e-07 -4.823965239198185e-07 
1.5425448839506695e-05 -1.5538080637721163e-05 -1.1001285218789625e-05 
-4.726804190724465e-06 -1.7920488154743452e-05 9.49548622570795e-05 
-0.0011690971405471373 -0.0007484273644422501 0.002662030106435509 
-0.005658244253822886 -0.0008494125472680025 7.902355741506994e-05 
-0.00668131034160524 0.005182735519156267 -0.007460373329848835 
2.5008505266145304e-07 -1.4896516449020188e-06 -6.442152994810252e-07 
2.766781218971337e-05 -4.502105654724531e-05 -5.000851397311389e-06 
-8.617643605113301e-05 0.00046111851785468616 0.00014044800958593062 
-0.0012992619078886491 0.003889714511501552 0.0008970049064700447 
-0.0009838971039926037 0.0029899224076643804 0.002546461438186043 
-0.0005940261150101378 0.005419774913605124 0.006537005697026643 
3.0419692277089254e-12 -1.6113370604071787e-11 -1.2303176746644282e-11 
-2.518163845369861e-11 1.3500864316243615e-10 -4.6396966787320184e-11 
-1.5384832091850771e-10 9.972723863272973e-10 3.643269934235576e-11 
-2.9149733977879207e-10 2.40777691614474e-09 6.350805030224095e-10 
-2.573184062033784e-10 2.776541731519648e-09 1.590792727671137e-09 
-1.703773655682183e-10 1.7765004062104898e-09 1.596891106650876e-09 
-5.0484164559707085e-11 2.399194755519309e-10 -4.1551188982824134e-11 
-3.8898505062333797e-10 2.3028433604445355e-09 6.005865483922209e-10 
4.58736765086341e-10 1.5818085365028045e-10 5.262925340604884e-09 
6.216859362512069e-09 -3.4799279922378817e-08 1.5648149339789947e-08 
1.3125174873417259e-08 -9.879020267917875e-08 2.262086422903944e-08 
1.2951405274673602e-08 -1.0552599888845128e-07 1.866722572151562e-08 
-5.62872274153738e-10 2.129169899295209e-09 6.099176527596292e-10 
1.480858168537204e-09 -5.148819708913634e-09 8.233201921641829e-09 
2.745858641762331e-08 -1.6550366500188444e-07 1.193394314098973e-08 
8.460482604159391e-09 -4.552077825384571e-07 -1.538597240857421e-07 
-1.5952677787355605e-07 -2.0635406227504077e-07 -5.865144142345275e-07 
-1.4004704790727268e-07 8.275568927731177e-08 -6.493393472139846e-07 
-1.4980929351343793e-09 4.0994824357468285e-09 3.955323701972791e-09 
3.903326838896012e-08 -1.3100797615757399e-07 -1.6388180799193657e-09 
-6.2466042022139845e-09 -3.9173455937039194e-07 -5.328432083269745e-07 
-1.8329652224334525e-06 6.832947917329718e-06 -3.1241140992024907e-06 
-2.7063783128791763e-06 2.510394412169603e-05 -6.213707335972485e-06 
-2.127708876614731e-06 2.8675338057393418e-05 -7.136824816234011e-06 
1.185709359071639e-08 -1.6688660443916235e-08 1.134032354114542e-08 
2.4965866075556936e-07 -5.40241040706595e-07 -1.371857967799207e-07 
-2.0033412456745003e-06 4.221687980374492e-06 -1.4057820685239864e-06 
-5.411632545859746e-06 4.3451205542499594e-05 1.3036046156100767e-05 
8.780777067318724e-05 -5.0740500039836434e-05 7.99249905760746e-05 
7.190465668394097e-05 -7.856992058030698e-05 8.877847777988279e-05 
8.629895099743744e-08 -1.4722852172088376e-07 1.9721823274492742e-08 
2.2504151833495877e-07 -7.876308592636637e-07 -7.701945234153684e-07 
-1.9368723378994368e-05 2.5075838123403416e-05 -1.280108721440909e-06 
2.6432284879085444e-05 1.1339849821823123e-05 2.8577836850729454e-05 
0.0007466462299845489 -0.0007407929091129972 -0.0005486474447025103 
0.000248146409006722 -7.007452498442035e-05 -0.0002477824358741998 
1.8021536326126342e-07 -2.4203157284123346e-07 5.8448321091274995e-09 
-1.373110988243595e-06 4.181982550557212e-06 -3.318924360275698e-06 
-3.87709125598823e-05 5.646713458551389e-05 1.1648745406156458e-05 
0.0008728672099955759 -0.0010129677859751496 0.0005904687580908785 
0.00513238712725439 -0.002972131603115713 -0.0021532122880705273 
0.00152060846960822 0.005358410110616774 -0.000925234025487498 
1.6059753479217946e-07 8.440161202902773e-08 -7.340545743331813e-08 
1.2964238592649835e-06 1.0045490574928095e-06 -8.016880877793897e-06 
-5.208751633389852e-05 -0.00010389622443796043 3.948877819470731e-05 
0.0002535268543510938 -0.0023740193606158755 0.0031788345331715817 
0.0016271330332529033 -0.0006640012143179774 0.0037363347771020017 
-0.002332713851274093 0.015509949086890629 -0.0011974133732337577 
5.983796752785046e-07 -1.7131195144109296e-06 -4.4134722912273806e-07 
1.762360775348082e-05 -5.5586080486724754e-05 -5.636889445909121e-06 
-0.00029196361459771225 0.0005651913374862261 0.000135354999556192 
-0.0025541623459730545 0.001992577946111851 0.001659732463963337 
-0.0034418400232425483 -0.006669086757938203 -0.0058097360780493545 
-0.001568036682328966 0.00277699076434601 -0.014325456131814462 
1.4188575407131278e-06 -5.369270981947678e-06 -9.351242147768145e-07 
1.5587626604474103e-05 -6.721283918809107e-05 1.1909592793395152e-05 
-0.0012400758800126255 0.004264550732841599 0.0008561084422651355 
-0.007630664078646987 0.029535696792436283 0.004828185450122646 
-0.004099544382938802 0.024393068179506372 0.015854942476607903 
-0.002901558335452137 0.023131015331728122 0.03435877060439907 

-2.8125998768520715e-15 7.861102110355632e-15 -9.766005318813893e-17 
-7.546948333375033e-15 1.5944908169520244e-14 4.107267330784329e-15 
-1.2334101725336295e-14 6.357550994106092e-15 1.888519007815978e-14 
-1.3180390509666086e-14 -4.1020507186152975e-14 4.3970058889211854e-14 
-9.77744553843968e-15 -9.836261070172466e-14 6.169647556224597e-14 
-4.946750890858584e-15 -9.355013457215154e-14 4.814817957261253e-14 
-5.187080385336798e-15 2.508838517765392e-14 1.0690065346779703e-14 
1.3154010371116858e-15 2.805293259702604e-15 4.638225045294886e-14 
4.2709944883939646e-14 -1.6537956006747411e-13 1.2237722526114365e-13 
1.197773981664894e-13 -4.97390315531108e-13 2.0926667089772415e-13 
1.7673705971904317e-13 -7.523073722228467e-13 2.3528152498439056e-13 
1.4124623141049765e-13 -6.003271904448007e-13 1.583289612933634e-13 
5.337463202679071e-15 -8.152099307617657e-15 4.406215120831968e-14 
8.22843246300817e-14 -3.260206116214388e-13 1.1991286057512883e-13 
3.098681733130079e-13 -1.1959930061836405e-12 1.7662316955509475e-13 
6.427443360556597e-13 -2.2910674478106044e-12 8.138652684675764e-14 
8.599723589884095e-13 -2.6526939536760637e-12 -1.4852837478855705e-13 
6.798409046881798e-13 -1.7625806294580062e-12 -2.3047467492984777e-13 
-2.082856067193779e-13 -7.934729512335744e-13 -3.233060297744062e-14 
-3.5758591167134714e-13 -2.7000736552525887e-12 -2.7440078027907375e-13 
-3.619181813201577e-13 -5.779042677990521e-12 -1.1013672346793791e-12 
-3.226183551811293e-13 -8.212535337900188e-12 -2.594878831528392e-12 
-2.354866956545225e-13 -7.633610662201617e-12 -3.746795941204329e-12 
-3.717417230291326e-14 -4.233955326745428e-12 -2.9892143270762423e-12 
-1.5671218459127255e-12 -4.202891237123939e-12 -5.945979802611337e-13 
-2.1648803736178064e-12 -8.197169329831848e-12 -1.8924791940326108e-12 
-1.3177398531833609e-12 -1.0078099829542824e-11 -4.5418198622508406e-12 
-8.889992995734547e-13 -9.40558111569578e-12 -7.924870830818996e-12 
-2.1447343653879302e-12 -7.487599035663288e-12 -9.631424512824251e-12 
-2.501818322527446e-12 -4.523748592238529e-12 -7.131271218504735e-12 
-1.8236512935677278e-12 -5.110947676801604e-12 -9.23594176413149e-13 
8.797365325595733e-12 1.2812665227875553e-11 -1.361319709655768e-12 
3.448780081681427e-11 5.950103453373947e-11 -1.396924191827095e-12 
5.650623442812704e-11 1.0282098089878516e-10 -1.246809263948125e-12 
5.405044738341603e-11 1.0389184921542571e-10 -2.1793326089353553e-12 
3.033355647477414e-11 6.107955148764405e-11 -3.287458618417392e-12 
1.4784882703197277e-11 2.8583973410519042e-11 2.6685186052024067e-12 
8.31602252407803e-11 1.5912016800202575e-10 1.0227460987693874e-11 
2.0312019199624023e-10 3.8141502729018537e-10 2.10668813309969e-11 
2.9861212393201933e-10 5.561811340971549e-10 2.8865884314524586e-11 
2.993027464822529e-10 5.623459041767597e-10 2.4287372540903997e-11 
1.9053027554235022e-10 3.5997473755117566e-10 8.995761583514779e-12 
6.612298195338508e-11 1.3142746015036705e-10 1.1881248050348385e-11 
2.452006625460311e-10 4.715745042718726e-10 2.8769376552306058e-11 
4.946114978933115e-10 9.165151650113885e-10 4.013494460851975e-11 
6.61521023133719e-10 1.1970273678807273e-09 4.2391036447258055e-11 
6.707593088014238e-10 1.2194010526696138e-09 3.805170099422127e-11 
4.5895493247444384e-10 8.404343746398533e-10 2.1268475483505214e-11 
1.2221832330241497e-10 2.415360029623425e-10 1.869748825320037e-11 
3.7202097792737324e-10 7.040045698759162e-10 3.105530150756657e-11 
6.357706485340864e-10 1.1256852802887883e-09 1.8678894856866595e-11 
7.561549369330544e-10 1.2450478408193727e-09 1.0928999831273236e-11 
7.782004853156344e-10 1.2562867019643128e-09 4.626693066446865e-11 
5.822364065885448e-10 9.512385480070742e-10 6.290073630745959e-11 
1.0811028673988006e-10 2.118580602801231e-10 1.4187099974531839e-11 
2.912167429473618e-10 5.393252443660841e-10 1.5116107483201177e-11 
4.2980112196709374e-10 7.066492833664055e-10 -9.606004731602025e-12 
4.4662460496683884e-10 5.939218161363721e-10 -9.663063931645607e-12 
4.731931727994555e-10 5.713951216535351e-10 6.034163567909185e-11 
3.950327563643577e-10 5.050975404029455e-10 9.750037805094115e-11 
-1.0854604317981042e-14 4.2264047413632827e-16 2.6250831747907684e-14 
1.8875043005648503e-14 -1.9347020268844357e-13 1.083864690759433e-13 
1.457527138027721e-13 -8.038287204819073e-13 2.5841597999873244e-13 
3.583093772274578e-13 -1.6884488035983058e-12 3.7417176843776226e-13 
5.062132102144522e-13 -2.1382813881298694e-12 3.284947447996675e-13 
3.9938738396740886e-13 -1.5441189947347954e-12 1.6458644082384366e-13 
9.744426120799638e-14 -2.529177009606136e-13 1.3256455287191e-13 
5.330100791841822e-13 -1.4122993431077835e-12 3.0300973657677434e-13 
1.4693100189929295e-12 -3.4899274036419268e-12 1.2806416103658597e-13 
2.557355441070594e-12 -4.443096218854221e-12 -1.0139707181098208e-12 
3.0729701138235633e-12 -2.5758389099455417e-12 -2.6031059712327197e-12 
2.2914276851932384e-12 -1.9375718750389616e-13 -2.5903537373607844e-12 
4.478131057098994e-13 -1.8631141372535928e-12 1.6159177983122353e-14 
1.4659165053023568e-12 -5.704810010817609e-12 -1.1092800069894551e-12 
2.0387256378903707e-12 -7.210667444336617e-12 -5.857748966676262e-12 
6.353859556753806e-13 3.615434042780373e-12 -1.518759107616513e-11 
-1.2363552736689774e-12 2.359546079350435e-11 -2.2944374478332853e-11 
-1.2394146093449551e-12 2.720884485277079e-11 -1.8725611909433652e-11 
-3.6512989531428176e-13 -7.706885989426028e-12 -1.846292195258947e-12 
-1.6369111067576148e-12 -1.221540119065911e-11 -8.316816044726946e-12 
-1.1089515995976649e-11 6.326638767682969e-12 -2.3780560468086885e-11 
-3.25197174583626e-11 6.626843547714338e-11 -4.401053650070565e-11 
-5.0157556822898714e-11 1.299345041219412e-10 -5.3510822843741267e-11 
-4.115473999842601e-11 1.1512006219991823e-10 -3.8824284151200705e-11 
6.738542998240341e-12 5.174442752655373e-12 -2.87049331085316e-12 
3.034126348622674e-11 7.617787510173065e-11 -4.842388261410388e-12 
5.2893442260563994e-11 2.5107645231810385e-10 3.981890678286824e-12 
4.3103884489443187e-11 4.808403184971218e-10 3.4657176255076404e-11 
3.5621588661227025e-12 5.886513904772539e-10 6.175531099368405e-11 
-2.7065577687893753e-11 4.076229867097046e-10 4.684512275290455e-11 
1.0458986717252208e-10 1.9945513808661183e-10 1.9079806105862095e-11 
3.1327267752233034e-10 6.460315994138169e-10 7.374462970055614e-11 
5.21685038580419e-10 1.2212953614187063e-09 2.0908834357878112e-10 
6.022751475719574e-10 1.7198490946881759e-09 4.061899076867842e-10 
5.802966729343855e-10 1.9539182054713e-09 4.856241596522869e-10 
3.8627137891744743e-10 1.4019930848621975e-09 3.188457639809001e-10 
4.250082722020839e-10 8.080486826811167e-10 7.773796889721373e-11 
8.271245557007295e-10 1.538834685300955e-09 1.839867660302071e-10 
5.273152989009968e-10 1.0346201617744753e-09 3.8012119639146443e-10 
-3.0743514807186353e-10 -9.816311224275878e-13 7.002240064150579e-10 
-3.3463866861498746e-10 6.490760639114321e-10 9.172216312046393e-10 
1.7396808188444647e-10 1.4565042263184258e-09 7.071266287651408e-10 
7.751091732779117e-10 1.4280837671727394e-09 9.460442607215023e-11 
2.43666793253807e-10 1.367512223808657e-10 1.419425710119875e-11 
-3.6840291129537215e-09 -7.504416338179397e-09 -6.070242237891905e-11 
-8.707533006586797e-09 -1.6207645339845326e-08 5.407259695889616e-10 
-8.903356554259792e-09 -1.5527760205349097e-08 1.8144792661963832e-09 
-4.43773744733444e-09 -7.231334754186189e-09 2.139327090912646e-09 
6.335719530365478e-10 1.0818766090101204e-09 -4.3723245445134074e-12 
-2.3004880218215887e-09 -5.0349495026072176e-09 -4.400355609660803e-10 
-1.2013646158848857e-08 -2.3985661157769338e-08 -6.637586407903141e-10 
-2.2566602194195354e-08 -4.363626295716461e-08 1.0955866661792955e-09 
-2.288869886273423e-08 -4.425871186610065e-08 4.58071004270474e-09 
-1.2610233708636788e-08 -2.5062220244421896e-08 5.4476336591061585e-09 
1.59938231690127e-10 1.7620953343334127e-10 -8.12127810572322e-11 
-3.4586612548185394e-09 -7.182586323335962e-09 -5.311022964668535e-10 
-1.328695645840991e-08 -2.637374318381353e-08 -4.874801874576671e-10 
-2.3133314261111204e-08 -4.529075077671841e-08 1.8386082652502775e-09 
-2.333939447093821e-08 -4.668813912331482e-08 5.6380157548303715e-09 
-1.3239022893016474e-08 -2.7904630728046347e-08 6.173781056996059e-09 
2.0336484716963664e-13 -7.402826470114138e-13 2.0719912432555545e-13 
9.752570293148079e-13 -2.8470918805680694e-12 3.1843742697553155e-13 
2.449519230870832e-12 -4.909403936909509e-12 -6.899072373782995e-13 
3.889100558949639e-12 -2.02292979372226e-12 -4.04147037960457e-12 
4.286092457187285e-12 5.934783352230015e-12 -7.934233592089584e-12 
3.0089928098601117e-12 8.788047981602623e-12 -7.278136783880134e-12 
1.6631182520347493e-12 -3.4856025023952657e-12 -5.3030806108596784e-14 
4.148827736186763e-12 -4.638198744011157e-12 -3.84125328492044e-12 
3.6889177747778636e-12 1.8786224617701512e-11 -1.85342869729319e-11 
-3.862597602387531e-12 8.901621661684323e-11 -4.4842340378723174e-11 
-1.2633974622099031e-11 1.6363395618436488e-10 -6.348828070193521e-11 
-1.1974548067754805e-11 1.450137983083374e-10 -4.937759416032299e-11 
2.044102657041153e-12 -8.63823019348686e-12 -5.550056504643447e-12 
-1.1738712462943313e-11 2.2204179974755295e-11 -2.9518539468872734e-11 
-7.280340215286154e-11 1.85633388540824e-10 -8.211589027841329e-11 
-1.7878708747995453e-10 4.819987571523523e-10 -1.252600688800166e-10 
-2.530529639975869e-10 6.638816365131874e-10 -1.0145761477782194e-10 
-2.0275964682430497e-10 4.914956961082833e-10 -3.9170278971374114e-11 
-7.762439846535915e-12 1.3290953150157167e-11 -1.7136845991779948e-11 
-8.264116754870148e-11 2.186993378303466e-10 -4.3031023133107237e-11 
-2.7361468772895056e-10 7.769359372393688e-10 1.3649649331242147e-11 
-4.812862554286785e-10 1.3012306930549855e-09 3.3663869191379417e-10 
-5.940438927178286e-10 1.0219481231492127e-09 8.005077601591117e-10 
-5.110923952357822e-10 2.649182508687573e-10 7.903624076616857e-10 
9.960567771622359e-11 3.576345391267328e-10 3.483357194928423e-11 
1.709774290878914e-10 1.2270441438948194e-09 2.448011790625261e-10 
3.4675046924559323e-10 2.5068728633570757e-09 1.0228244483124018e-09 
1.0394203023358962e-09 2.9467729864647083e-09 2.499210412699659e-09 
1.6716973170763475e-09 1.210849343048502e-09 3.6593134712061697e-09 
1.1479982120505897e-09 -7.889306352649684e-10 2.951405139327698e-09 
5.610671037343058e-10 1.3206321603788515e-09 2.1571137105100361e-10 
-9.196012475748016e-11 6.008718054936942e-10 6.878400189943624e-10 
-2.571046576471551e-09 -4.320474395266732e-09 1.588731619955696e-09 
-3.7732551676685146e-09 -9.963143111463723e-09 2.2164379464794006e-09 
-1.4378527192253107e-09 -1.1143373787887501e-08 2.130653755461851e-09 
8.922581537890631e-10 -6.80308242539352e-09 1.7882436890264698e-09 
-6.558449573508404e-10 -1.1739029440429082e-09 -8.16705218573355e-11 
-1.2464239921890693e-08 -2.3019289639305908e-08 -1.2927612311249556e-09 
-3.852676474461678e-08 -6.867642077764283e-08 -4.633084727633053e-09 
-5.958870671402163e-08 -1.0466989477631288e-07 -1.0492421816185045e-08 
-5.752348981587745e-08 -1.0551953864237572e-07 -1.2575113107129069e-08 
-3.372985997197476e-08 -6.372959625470664e-08 -5.752027267969133e-09 
-9.435720133057748e-09 -1.7840253788123243e-08 -1.9023124628679307e-09 
-5.281656801787258e-08 -9.614547148968602e-08 -6.7864990771126e-09 
-1.2010022642092185e-07 -2.0461666613906737e-07 -1.3337978262739297e-08 
-1.5730613326853713e-07 -2.554741474841255e-07 -2.1298661090307297e-08 
-1.6024148489868678e-07 -2.7218660164489924e-07 -2.3833508395160463e-08 
-1.1533234083472787e-07 -1.9936862165917922e-07 -1.1688678945033282e-08 
-2.3653362503646617e-08 -4.4102500456584124e-08 -4.031621431327987e-09 
-9.357954889062733e-08 -1.6726116890346126e-07 -8.648362799603856e-09 
-1.5262814408123912e-07 -2.4300369870050155e-07 -5.211999101997355e-09 
-1.3521950260464622e-07 -1.678660442078498e-07 -6.567655765190376e-09 
-1.507448199756648e-07 -1.9251626020186528e-07 -3.201113488096849e-08 
-1.528132422484155e-07 -2.1353670930365053e-07 -4.118901689614232e-08 
-2.408075138028972e-08 -4.4518432938930266e-08 -3.513825746211204e-09 
-7.681492488674577e-08 -1.351247091993269e-07 -4.132468196955847e-09 
-8.112289665160074e-08 -1.0754810262195176e-07 7.407042960413709e-09 
-7.588834513783805e-09 9.379980394705915e-08 3.55469419195496e-09 
-3.324988287610635e-08 9.896435003369231e-08 -5.136534132257551e-08 
-9.340221644922082e-08 -2.948281764353553e-08 -8.097153866799732e-08 
1.993235910977063e-12 -4.303679657985588e-12 -3.012998687170343e-13 
4.1390464948957926e-12 3.579866165993478e-13 -6.309835029828116e-12 
2.1324513835634897e-13 5.2246079917031807e-11 -2.7676856147173302e-11 
-1.5406286418279984e-11 1.7663203138777312e-10 -6.281964097653372e-11 
-3.200705564426066e-11 2.9066610753995874e-10 -8.404169086477889e-11 
-2.9018137387352755e-11 2.4474111075233075e-10 -6.268923052174407e-11 
3.3874303282553576e-12 3.4110321492754777e-12 -1.046298986298681e-11 
-2.6033211446507492e-11 1.2676165663708578e-10 -5.308424723985637e-11 
-1.4229792169290754e-10 5.188317812617915e-10 -1.200538745121056e-10 
-3.3154304080582795e-10 9.872332657412379e-10 -8.807938825530289e-11 
-4.599944301413667e-10 1.0147237643614795e-09 1.1043190857299808e-10 
-3.6938366335548704e-10 5.702836530742096e-10 2.1643016508437036e-10 
-5.367491896905373e-11 9.478379317917062e-11 -4.829655314585006e-11 
-3.34766863232161e-10 6.26548485486894e-10 -8.988761777085626e-11 
-8.886204221549308e-10 1.1694355765324907e-09 3.411089314366522e-10 
-1.304777998095285e-09 -6.908258149196049e-10 2.0565354807360346e-09 
-1.3510677251042172e-09 -5.3370898060749945e-09 4.32143899831329e-09 
-1.0451060663604644e-09 -6.601383494333493e-09 4.136500518111609e-09 
-2.2851802299123908e-10 5.399157724915035e-10 8.051042347616896e-12 
-5.792611046942738e-10 1.7695275517535843e-09 7.523112322770715e-10 
8.396209514867175e-10 -6.589233543213883e-10 4.492952485836424e-09 
6.039160053353869e-09 -1.6292950499509993e-08 1.2455608191100228e-08 
1.0496701854189342e-08 -3.938102417205044e-08 1.906903698666011e-08 
8.11423073642137e-09 -3.940571633944409e-08 1.5551490652979594e-08 
2.978505880073527e-11 1.8105032169743156e-09 5.468620983942337e-10 
1.60515652774387e-09 1.431007288576053e-09 3.1885697735382852e-09 
1.2347329697292359e-08 -1.4480248530917642e-08 9.532159482031364e-09 
3.404100712629738e-08 -5.994319182387385e-08 1.3937244386410603e-08 
4.960940701650488e-08 -1.0297377895390698e-07 9.872984208298276e-09 
4.234855827808779e-08 -8.227972551434726e-08 4.223961653630619e-09 
-3.968637878265093e-09 -6.693398840336576e-09 -8.026418798760661e-11 
-1.8546687597763373e-08 -4.591333946833547e-08 -3.1975089959751812e-09 
-3.514580481387172e-08 -1.2828527626754786e-07 -2.5196207494627026e-08 
-4.7885247265292576e-08 -2.4233028870980044e-07 -8.138146997433186e-08 
-4.925376932661178e-08 -3.0436015601837404e-07 -1.1822233766172722e-07 
-8.041292791107636e-09 -1.797437975250156e-07 -7.56544969774974e-08 
-3.984064974733488e-08 -7.327903010403467e-08 -7.622387496476839e-09 
-1.169143501593601e-07 -2.050165180659865e-07 -2.9030282476598275e-08 
-1.036360323379564e-07 -1.564544177718641e-07 -9.90050665388438e-08 
1.323290867213386e-08 -3.519632122805493e-08 -2.1425605435490368e-07 
-3.345075263265214e-08 -3.2130939577187326e-07 -2.2041521082311904e-07 
-9.810480039145501e-08 -4.1328988472642315e-07 -8.978613049971858e-08 
-1.1772073252396629e-07 -2.1117587400033598e-07 -1.7264191964932204e-08 
-6.811257918729109e-08 -6.038229205608546e-08 -1.1930205521813407e-08 
9.188094890610215e-07 1.7698467126617788e-06 -4.980224788879266e-10 
2.4416877319694084e-06 4.027911029727549e-06 -7.470081451663429e-08 
2.450346984741048e-06 3.411757163498605e-06 -2.2580395226225788e-07 
1.045368127826319e-06 1.0991696748343608e-06 -3.067357560352464e-07 
-1.4287250039580282e-07 -2.564918248026503e-07 -9.842724990985583e-09 
5.426267500165666e-07 1.0386559902445457e-06 9.599532933951527e-08 
3.6979825643339206e-06 6.611576701627542e-06 2.2986998408214407e-07 
7.536057295252571e-06 1.2702931948160856e-05 -1.6137019969624314e-07 
7.64869813435834e-06 1.2648082060771892e-05 -1.233703149254757e-06 
3.825351249573533e-06 6.501077643453201e-06 -1.7746178273137913e-06 
-6.683380180552139e-08 -1.2519187666524046e-07 3.94379736698796e-09 
9.56361660588517e-07 1.7243827314368607e-06 1.3373569954065615e-07 
4.5032370878913056e-06 7.954857813456673e-06 1.6908442624123058e-07 
8.186424199306194e-06 1.4109207214599642e-05 -6.797166862684487e-07 
8.305892381736332e-06 1.4707768759010531e-05 -2.2373984645256834e-06 
4.323243216168646e-06 8.425875752806483e-06 -2.6340966374693506e-06 
2.2539078989957915e-12 7.661884965387744e-12 -9.744795230536762e-12 
-2.7815866568845453e-11 1.5288210252571366e-10 -4.9184360934889346e-11 
-1.379662527319931e-10 5.910818878530307e-10 -1.0373273326264615e-10 
-3.0480196902730494e-10 1.0919164347979285e-09 -4.464263633701883e-11 
-4.0557167914581154e-10 1.1010942670783147e-09 1.7832962046994142e-10 
-3.1858571965062646e-10 6.148000465129382e-10 2.722782158928783e-10 
-6.52464553132217e-11 2.0424891560848204e-10 -5.705898848292448e-11 
-3.846328918746109e-10 9.216712680772026e-10 -3.7142129175192325e-11 
-8.697443748363239e-10 6.29247535694703e-10 9.149619750462899e-10 
-8.394435546876496e-10 -5.095551066872403e-09 4.0341044162801545e-09 
-2.607697242984873e-10 -1.476061566450817e-08 7.765848508026785e-09 
3.7480503551162794e-11 -1.548540372817833e-08 7.1706112474431685e-09 
-5.308563879663974e-10 8.662511051086351e-10 9.00518170352981e-12 
-1.1255619084200118e-09 -4.8709262782067455e-11 1.8021786686285496e-09 
2.272676964318369e-09 -1.9136735366581787e-08 1.0153992646614387e-08 
1.3616390994193546e-08 -7.180801189832891e-08 2.437664497157219e-08 
2.4454965876991565e-08 -1.2101037711751506e-07 2.998914895704037e-08 
2.119571342748247e-08 -1.0242453087686074e-07 1.9765827316350548e-08 
-5.780579923672017e-10 2.1003668849210757e-09 1.2932372162094676e-09 
8.712983709096991e-09 -1.1298927538087494e-08 1.0047215817257042e-08 
5.282762324425778e-08 -8.807100444615267e-08 2.6756642360642056e-08 
1.2582162831045168e-07 -1.8379295901400063e-07 9.87961281339432e-10 
1.7211136891529299e-07 -1.215234876125757e-07 -1.0540531530587163e-07 
1.4771514474800118e-07 1.1875236767035134e-08 -1.497386343039e-07 
3.7177322721252728e-09 1.2726979959475187e-10 3.3614871938376683e-09 
4.171785769480527e-08 -5.4831077859962096e-08 6.716192911226501e-09 
1.0409425896885684e-07 -2.247399550038442e-07 -7.265016995682841e-08 
1.3366711074393316e-08 -1.5144308030772658e-07 -4.3822471291794163e-07 
-1.337326340224759e-07 7.063297528446077e-07 -9.740897312443172e-07 
5.89080177854123e-09 1.276501441216057e-06 -9.599233029112066e-07 
-1.9080687327392223e-08 -6.072138734992607e-08 -7.30806260859867e-09 
-3.189065654851657e-08 -1.9430369657067643e-07 -7.754189312122378e-08 
-2.79925020576523e-07 -3.4302937684048515e-07 -4.343088413054909e-07 
-1.3369957416873484e-06 -8.773321236816775e-08 -1.0944807012636911e-06 
-2.302185526419212e-06 1.4671656002854423e-06 -1.4881807720320108e-06 
-1.5956551652572555e-06 2.5209877975449282e-06 -1.2458308501269583e-06 
-8.571620010883323e-08 -1.5978853808800468e-07 -1.6970016726299284e-08 
5.64287566652338e-07 1.179422145130833e-06 -3.617983984604276e-08 
2.762798264725058e-06 5.302504781617978e-06 1.2826372533200105e-07 
4.397760365641712e-06 8.290182120458678e-06 1.7688643599118523e-06 
3.1434308443416964e-06 8.626161728420012e-06 3.537697912748064e-06 
4.790835411699196e-07 4.427248972496689e-06 1.6090510099580485e-06 
3.3405951440526567e-07 6.053251547677874e-07 1.1072250406164193e-07 
5.482808677213964e-06 9.672075709000333e-06 6.710528504575656e-07 
1.6223387519817556e-05 2.4229689411292554e-05 2.3016295530725595e-06 
1.997212029625217e-05 2.347026935467511e-05 7.34583988609705e-06 
1.92170609181197e-05 3.1277366582038724e-05 9.810689807543405e-06 
1.4594577674574072e-05 2.5160956499625797e-05 2.4359612171009903e-06 
1.820368517795089e-06 3.0866653261119297e-06 3.8139692127252397e-07 
1.3355310365243539e-05 2.2606862755764068e-05 1.2927928753000972e-06 
1.808792820820991e-05 2.3899057651988187e-05 9.196784473974873e-07 
-1.3912331247922793e-05 -3.8409715131138e-05 3.4328302376263053e-06 
-9.616249261767962e-06 -1.685944446983001e-05 1.3195874895899351e-05 
2.051065821095932e-05 2.6414964189314105e-05 1.4879078306773152e-05 
2.474041864380537e-06 4.1229995501822735e-06 4.045133208864125e-07 
1.2350899363730572e-05 2.109089280110353e-05 8.457084897661726e-07 
-4.376537247274825e-06 -1.0260934061534499e-05 -2.3961758273127742e-06 
-7.127862058453616e-05 -0.00013839615642652348 -1.319942078414904e-07 
-5.395026855570251e-05 -0.00013852956906390546 3.0437653331549797e-05 
6.842266577766765e-06 -5.0978133220525024e-05 5.051898625296758e-05 
-3.739545387577365e-11 1.476322269815235e-10 -4.00876824351338e-11 
-2.3099287856895583e-10 7.891070856262203e-10 -5.911377921919878e-11 
-4.728851798816643e-10 1.2175116504895348e-09 4.3934507126951415e-10 
-2.1664819980530403e-10 -1.4645084037192314e-09 2.251828960028326e-09 
4.805788474726841e-10 -7.057350511534468e-09 4.5371883322250905e-09 
6.515381824046126e-10 -8.089726394869512e-09 4.276877229282825e-09 
-4.0396461473850784e-10 9.30826516442874e-10 1.2217212475424594e-11 
-5.584171240750269e-10 -7.138124769930052e-10 1.7793946941527397e-09 
3.8857128487294195e-09 -2.3751207545099002e-08 9.766671491865051e-09 
1.6562872798436308e-08 -8.321908013995471e-08 2.2283541389759867e-08 
2.8510669068431547e-08 -1.3521441474321887e-07 2.529322181936663e-08 
2.5193236510386586e-08 -1.1228877006674082e-07 1.5359426034611436e-08 
-9.850011850252427e-10 3.135962720253304e-10 1.5906648763167258e-09 
1.0003010517694469e-08 -3.520041354953314e-08 1.2328366087355795e-08 
5.8309719915845815e-08 -1.536865329261112e-07 1.559648945989283e-08 
1.1971312205033634e-07 -1.3910905267864394e-07 -1.0826716775351344e-07 
1.3887773009816371e-07 2.7520984064058777e-07 -3.927301110182084e-07 
1.1849820527754295e-07 5.057301906371921e-07 -4.5592333373544005e-07 
9.08520513309577e-09 -9.49091268295098e-09 7.412918911911847e-09 
9.488283794455443e-08 -1.33297315968223e-07 1.199609934332829e-08 
2.1491196188736223e-07 1.0887740331615273e-08 -2.693656691687565e-07 
-4.714694690527809e-08 2.3586897963599448e-06 -1.4794125407955553e-06 
-5.236613189324988e-07 6.753348679251238e-06 -3.090056320866779e-06 
-3.955335796597978e-07 7.295365625612296e-06 -2.9947763019078804e-06 
4.7315700705769466e-08 -4.818130315741337e-08 2.4510534976679616e-09 
1.0459533791505906e-07 -3.1995664694098327e-07 -1.7002990243281415e-07 
-1.2716670864539964e-06 1.049747717188766e-06 -1.5412051411529298e-06 
-6.092747480989941e-06 9.077272742526177e-06 -4.394560194766889e-06 
-1.0146017654332797e-05 1.898450526008344e-05 -4.797108815152162e-06 
-8.052323350687517e-06 1.760520862034709e-05 -2.472373151853058e-06 
-3.3404815261004485e-09 -1.9419278145480476e-07 -4.370436118632982e-08 
-7.696831709125469e-07 -4.7363041015308256e-07 -5.218302692402586e-07 
-6.100673540175225e-06 2.3930684334635965e-06 -1.171528979295594e-06 
-1.212636177273102e-05 1.632874764667669e-05 4.908821090630899e-06 
-9.3983348814497e-06 2.4026189668013842e-05 1.921947423222381e-05 
-1.4586556704054843e-05 2.4093458521612376e-06 1.8439135968384424e-05 
4.186019827105551e-07 7.725454418915892e-07 1.222872984569666e-07 
3.075214494715345e-06 6.433520204221087e-06 4.2317777800785633e-07 
8.01930671756601e-06 5.780187470882936e-06 1.0430182453058379e-05 
3.433999111024377e-05 1.882434570887881e-05 4.741730997659399e-05 
7.285905705955997e-05 6.752051679370652e-05 5.788209123025467e-05 
2.5464866314273138e-05 1.5763525484935315e-08 8.991078885856041e-06 
4.4108463324466635e-06 7.67898094491265e-06 9.517120000277954e-07 
1.0716833079960075e-05 1.214582972086653e-05 -9.039323300985558e-08 
-7.8594977209967e-05 -0.00018617253188235594 1.016303692935594e-05 
-0.0002870185136174541 -0.0004553307397827666 2.8451821075137218e-05 
-0.0002618500850246619 -0.00021168140469796093 -3.192691906406253e-05 
-8.220513663204088e-05 2.7028798541550714e-05 -8.342809793937533e-05 
1.1175753301620288e-05 1.9240454371451934e-05 1.640381959384929e-06 
-3.7469087009966984e-05 -6.225408359483708e-05 -9.645394166923893e-06 
-0.0005601676504056741 -0.000906948814417774 -2.9419008721554007e-05 
-0.0013219260740697791 -0.0017834393938755966 -2.358699455484725e-05 
-0.001374663086153305 -0.0017242779467778746 7.427503788903778e-05 
-0.0005916857969623379 -0.000728267447897224 0.00025766975386432023 
1.0533923257893818e-05 1.8948887254205404e-05 1.2146653158434662e-06 
-0.00010631009545258863 -0.00015456377936118315 -1.3016795394449332e-05 
-0.0008313856507129458 -0.001290519469193896 -3.639909890118531e-05 
-0.0013826962376697338 -0.0020188139151287032 0.00015190894351491124 
-0.0015593456141687057 -0.0022688549561280524 0.0005235030367884974 
-0.0007119924799781074 -0.0012073723792127566 0.0006176243196591713 
-1.864941974431265e-10 5.70187026789575e-10 -4.3359777168351314e-11 
-4.285487860457743e-10 1.2908750257404098e-09 4.698621730672099e-10 
1.1357636375353104e-09 -4.704255326982182e-09 3.581483986107212e-09 
6.6426619991174555e-09 -2.785010187816759e-08 1.0280949625452879e-08 
1.2347894229981588e-08 -5.538265843746843e-08 1.553090553730005e-08 
1.1066673231583143e-08 -5.107284122354387e-08 1.2587452608214078e-08 
-6.346709098262445e-10 1.001914529120739e-09 8.730913581839684e-10 
5.785280988672941e-09 -2.2203336478864066e-08 8.022341915570678e-09 
3.3447224830414307e-08 -1.226700323150039e-07 1.762694166826477e-08 
5.9268565820641475e-08 -2.1246659930644481e-07 -2.923935535762132e-08 
4.7351703664645996e-08 -9.191623833571786e-08 -1.5970417553601345e-07 
3.208110211444827e-08 5.542207298793005e-08 -1.963880001093244e-07 
4.991699913161196e-09 -1.551977522612132e-08 6.150212086022744e-09 
6.064831644143482e-08 -1.5349607560065763e-07 5.259940953074722e-09 
4.308791502140659e-08 1.296880331853214e-07 -3.0462223074310706e-07 
-5.614796196914799e-07 3.0891117358908954e-06 -1.5412009577308613e-06 
-1.4505092166832052e-06 8.082133930630009e-06 -3.058802584083838e-06 
-1.3583515401892343e-06 8.346669217607766e-06 -2.9121764525965276e-06 
6.085144579156745e-08 -7.909905989927251e-08 7.869155986020508e-09 
1.775509678884716e-07 -6.115458220698281e-08 -2.2627042194757917e-07 
-1.4148668792281606e-06 5.353859131742786e-06 -2.0637236959160843e-06 
-6.444360726873266e-06 1.8568067629010088e-05 -2.218332059732153e-06 
-9.926261476660148e-06 1.54754228152143e-05 9.523444505693535e-06 
-9.77436276101279e-06 3.3441175211201823e-06 1.6076203667950845e-05 
1.708842497909929e-07 -2.1859830797622605e-07 -5.968111788824292e-08 
-1.2400253150084665e-06 7.3628718691703e-07 -1.0492435981154032e-06 
-1.329798072010474e-05 1.572811990618872e-05 -2.406375532237187e-06 
-2.6638202020978774e-05 -1.1970253138926523e-05 3.591488995891012e-05 
-1.78029576995975e-05 -0.00020988039458469387 0.00015327973647627502 
-3.0432889211784442e-05 -0.00030279387128473445 0.00019333788506870064 
-9.441211000256607e-08 -4.786558663994438e-07 -1.6279475160613558e-07 
-6.7503696900787086e-06 1.6394207926206938e-06 -8.84289034986524e-07 
-8.264475137159666e-06 3.461496505585693e-05 1.866110790132991e-05 
0.0001581420612275508 -4.188434011220821e-05 0.0001596043925680135 
0.00040972540388395373 -0.0005817803179297698 0.0003932109640345516 
0.0001987388118234179 -0.0009481303161464893 0.00042280511206627125 
1.4704054834445077e-06 3.0477903356640468e-06 4.5609484273113204e-07 
4.050987004289297e-06 8.05279616122867e-06 1.6825371726147953e-06 
0.00013321407242017358 6.207042935102436e-05 6.677033957558365e-05 
0.0006059877187283291 0.00023695012469282517 3.0209110946088913e-05 
0.0007240564417543283 -0.0003938598843262753 -0.00035296670884221726 
0.0005464177727390052 -0.0006687964942102553 1.3093737265990057e-05 
1.124506233605993e-05 1.913814489068466e-05 1.4895347542308313e-06 
-4.479968511228449e-05 -0.000113080289038614 -1.730510316710898e-05 
-0.0004278960071246729 -0.0004868471492613935 5.4382298245059246e-05 
-0.001204455095717094 0.001742635060150377 -0.001357315812356319 
-0.0010026085918894978 0.0005965036964568071 -0.002968588983094378 
0.0003269885995109689 0.0010627155222664442 0.0003004425871040439 
1.612512501281138e-05 3.155584123343269e-05 7.136461843693098e-08 
-0.00040869559347811446 -0.000651611159469212 -6.101135709712935e-05 
-0.00040921431900642347 1.4345813724503387e-05 0.00021704012391410288 
0.009363987695905962 0.01692449539041263 -0.0015966033042786876 
0.011146612972993353 0.004983852609029782 -0.0027893539754586527 
-0.0007207571763956366 -0.005656112313388917 0.00019082598987552046 
1.0474336139543183e-06 1.485425131408924e-05 -9.88101880539105e-07 
-0.0006554772367053374 -0.0009979908952573169 -5.902114863864938e-05 
0.003252049753314168 0.0036659214456449263 0.00020713088439094918 
0.03166053156650683 0.04487817485733103 0.00017651668895268813 
0.02356033987223327 0.04453953130311561 -0.010775152367489937 
0.0009993944427151291 0.024320282542248606 -0.02078424260889733 
-3.861289932711616e-10 1.1237080956033178e-09 9.731951325599149e-11 
5.384081460475969e-10 -6.920572407506117e-10 1.878858401959222e-09 
9.180658731599507e-09 -2.612537587500498e-08 8.307492780082124e-09 
2.6508462752171398e-08 -8.90731832078475e-08 1.522240482219641e-08 
3.748613498913476e-08 -1.4043416240395168e-07 1.1678944157927813e-08 
3.0789582601211604e-08 -1.1501605811617978e-07 3.3493485381299336e-09 
1.0727102362441988e-09 -2.896700606702756e-09 2.652886146999851e-09 
2.6369439703501355e-08 -7.710508882383817e-08 1.143411799495709e-08 
5.7089254822224633e-08 -2.1852029811211333e-07 -3.996300787802931e-08 
-1.0455070639430266e-07 1.8714554561760117e-07 -3.649310439845324e-07 
-4.3112943826310987e-07 1.4329683438685735e-06 -8.953936456750578e-07 
-4.320214100394097e-07 1.781580743495301e-06 -9.324872749421913e-07 
2.5905086019208047e-08 -5.989707352638652e-08 6.478938099895555e-09 
7.684181464852443e-08 -1.9434259078171708e-07 -1.1272268436409226e-07 
-9.282667714013309e-07 2.843007172016656e-06 -1.2588265482983588e-06 
-3.837608660895581e-06 1.3971454612521014e-05 -2.9803880324981435e-06 
-5.042153333068705e-06 2.2556223439256645e-05 -9.84683092248445e-07 
-4.579056863974031e-06 1.8584171208785305e-05 1.0306156518896659e-06 
1.4952139110882012e-07 -1.939476662055116e-07 -3.83248251192778e-08 
-5.513000021400755e-07 1.7164975887255622e-06 -8.198463990075424e-07 
-6.505027735359548e-06 1.883279566525231e-05 -4.932283832886908e-07 
1.0601501006846092e-05 -3.651831573141251e-05 4.885555467426528e-05 
7.01513861010028e-05 -0.0002977060108406704 0.00017698151052591982 
6.036672900222584e-05 -0.0003809203708158293 0.00021015226386467134 
2.059755298517781e-07 -3.33437316795133e-07 -2.402084907220193e-07 
-7.065161226471953e-06 7.4434780376747556e-06 -1.304845100092919e-06 
-1.8242846947291724e-05 6.210220035995917e-07 2.7739479470323403e-05 
0.0001740599248307717 -0.0006570670019527824 0.0002565221852819377 
0.0004013606359194455 -0.0012696809608314652 3.4530423079104366e-05 
0.0004019833445454424 -0.0011165700834681047 -0.0001263285327866015 
-1.0184750396854456e-06 -5.956360832365284e-07 -3.5263414416774556e-07 
-2.2074955745160062e-05 1.5316236445586662e-05 2.502873894028035e-06 
0.00012955131027680977 -6.811295428121866e-06 8.780059743429547e-05 
0.0012881260834092245 -0.0011463415307844116 0.0001200514794419405 
0.001909143392367696 0.002673488192158402 -0.0036386488605586464 
0.0022902180585333554 0.006340167121379636 -0.006291840798766657 
6.497685364065253e-08 4.485266736506399e-06 6.091108986899102e-07 
7.306937585660478e-06 2.994226972763414e-05 5.8428643505692435e-06 
0.0006764396299274722 0.0002375112342463126 0.00010541555204213182 
-0.0007689389524330181 -0.003186842333320783 -0.001692514662108735 
-0.012502934654321507 -0.007966517854583799 -0.005597891291472479 
-0.003166806726540017 0.009007787796235789 -0.004575034636388864 
1.1801630446006683e-05 2.334278103047205e-05 5.314665103561822e-07 
-0.00010023407691761577 -0.0002204272456083345 -2.3959200293077743e-05 
-0.0008166902063067027 0.0006768635893195096 0.00042298843362686966 
-0.01413555886483664 0.003392244169390324 -0.0067728233352681855 
-0.03208715256232608 -0.011016705402653315 -0.006861572404886829 
-0.0009563852222527203 0.021754941738436173 0.01905307129436551 
5.7893376075313085e-06 2.298637644404522e-05 -4.2829378443798305e-06 
-0.0007577517619665741 -0.0011709794825947029 -6.787232487548422e-05 
0.0033058768178761966 0.006699567121700056 0.0018526617684244684 
0.04248704329802422 0.053212288721624645 -6.344499706756324e-05 
0.06586968460078424 -0.008475491743411112 0.0240376326007663 
0.006514601838262024 -0.045699317000980955 0.036122057907050475 
-2.7463481250045163e-05 -1.4533066279298623e-05 -4.573089743553638e-06 
-0.0009940532395376067 -0.001642772525883629 -7.301689900174324e-05 
0.018976674248847303 0.020003552003799996 0.0011964523653205106 
0.12299021250510123 0.1418791279047582 -0.00012043785682180896 
0.10583293359286472 0.15027400886083342 -0.047200576882460155 
0.004510833816311788 0.08720510229341016 -0.09777114603639347 
-4.45776223247834e-10 1.4393893179364964e-09 3.224071046364699e-10 
3.030569338720883e-09 -4.562959780861726e-09 2.8956687013267764e-09 
2.111579206339198e-08 -5.112819291938256e-08 8.524691565389828e-09 
4.4944068096417566e-08 -1.422795974307327e-07 4.4656671274083085e-09 
4.610851818261508e-08 -1.8897301930164283e-07 -1.9772293099263166e-08 
3.20678565053226e-08 -1.3709564183591947e-07 -3.0615928425487597e-08 
5.041086550151106e-09 -9.188478752439502e-09 3.447019173001662e-09 
4.8994384759378615e-08 -1.30465189651145e-07 1.1893066790648082e-09 
-1.6418693247530034e-08 -1.681283699379899e-07 -1.4850893637506148e-07 
-7.0510054797377e-07 1.23564106496981e-06 -7.286755027479053e-07 
-1.6687524923695478e-06 4.1118380525195265e-06 -1.4752873725042874e-06 
-1.584910126930096e-06 4.5210489496303255e-06 -1.4528640071393654e-06 
5.0506149407403386e-08 -1.067080082468128e-07 -5.519701678998822e-09 
-9.359412048890583e-08 3.5678573970535034e-09 -2.7368393032698644e-07 
-3.051701954049149e-06 7.141870837282932e-06 -1.5983376321091272e-06 
-5.545180596394639e-06 2.2470462144152936e-05 1.0526958046375157e-06 
3.874423100375113e-06 1.522754296784043e-05 1.6002133978565425e-05 
4.619480488715633e-06 1.4662219044447866e-06 2.085938844451074e-05 
1.8242259171656154e-07 -2.606152945683685e-07 -1.1270114153018292e-07 
-2.3733072360230395e-06 4.836445992762069e-06 -7.708057359044097e-07 
-3.790514468859918e-06 2.2066566112519115e-05 1.166261956066228e-05 
0.00013155600294112446 -0.0002665638235868073 0.00013879623092094562 
0.0003065134870574582 -0.000966833764096009 0.00030037124101056634 
0.0002867346008770255 -0.0011030212815512641 0.00035095950147479016 
-6.510461563375252e-08 -9.59968203036735e-08 -3.611174033972241e-07 
-1.4397718458757092e-05 1.7383136686296985e-05 1.9514757170699393e-06 
5.647810200226644e-05 -0.00012664805588258332 7.123793451313531e-05 
0.00030988427874945046 -0.0013946400295026251 -0.00018856173596759618 
-0.0036094880751988967 0.006591711549390311 -0.006117890764471667 
-0.0026344581813191326 0.010308803210250517 -0.00823010563635762 
-2.8105925187277555e-06 8.356390128455961e-07 -2.9592771013688384e-07 
-3.652966495219789e-05 3.712651645602916e-05 1.0582833209107911e-05 
0.0004975771254862593 -0.0003789486764489425 6.23123681844362e-05 
0.0007281486557531025 0.0007905567649686418 -0.0022749558133909886 
-0.017783680656748402 0.061082614286988246 -0.025983727879065555 
-0.008438633426351316 0.08619892460434642 -0.0471846130603808 
-5.251577927377349e-06 7.220770077587257e-06 1.2915713156792796e-06 
1.058412859578084e-05 7.277425438800833e-05 1.864613023627726e-05 
0.0015917537914447166 -0.00045889245024000047 3.7336848112801135e-05 
-0.005041910788349924 -0.007152976044879189 0.000417006472574144 
-0.05558566415311361 0.020093781638365726 0.025768668461751076 
-0.01446224650371164 0.05787111159770575 -0.0019217440616898784 
6.315733503389764e-06 2.4913966635176088e-05 3.0977906534668254e-06 
2.883171161194298e-05 -7.178113532013697e-05 -1.4469047201259855e-05 
0.00028248627631910495 -0.0010031252519127065 0.00029535434818228623 
-0.028102825080623006 -0.010372376892519242 -0.004295905620551821 
-0.08696091404954132 -0.0035817170282825828 0.02303860631951693 
0.008102790820885275 0.055574413785507204 0.025866936501074633 
1.7155843671678994e-05 3.099337558087889e-05 8.897185010958708e-07 
-0.000441686382316675 -0.000688018957021086 -0.00011551624666594762 
-0.0008440858764515724 -0.0011746101786229701 0.0009392852097960258 
0.00800111939679482 0.006543633475303068 0.0075609095297295426 
0.040437551923787396 -0.0019896754984074505 0.057163199336571324 
0.022375976343255388 -0.020736305210448336 0.054758552444582165 
1.6023846616253223e-06 7.1736839539759956e-06 4.9927245893144345e-08 
-0.0007599066375973962 -0.0010517630839785852 -0.00010580663053261219 
0.004551959671971417 0.0025993203613552396 0.0002432261545664005 
0.04386961636646447 0.03381482318127382 0.0018263496940562618 
0.045895339386532896 0.03997257465698567 -0.00862896885388409 
-0.007857786644308362 0.015798751021065982 -0.03981628344320143 
-4.0478442437094386e-10 1.4797706675019818e-09 3.887425687573608e-10 
4.404451546027205e-09 -5.013781189792668e-09 2.3606066897681253e-09 
2.621284993000331e-08 -5.3866603250251203e-08 4.65138718432107e-09 
4.932966286702112e-08 -1.4767790349916623e-07 -4.557664684380569e-09 
4.006646565807033e-08 -1.9369204654393813e-07 -2.9760952097457158e-08 
2.229393116670658e-08 -1.3974756643869962e-07 -3.698692414080815e-08 
7.1533127095739555e-09 -9.77307272348135e-09 2.377939430109382e-09 
5.604659422641476e-08 -1.3654981791553114e-07 -8.885336267038242e-09 
-8.194313555232593e-08 -1.640941733172009e-07 -1.486713781840341e-07 
-1.0693363590232887e-06 1.3366305943580373e-06 -5.82802326519813e-07 
-2.3459383515825848e-06 4.3490432451798525e-06 -1.0872669240313652e-06 
-2.2067758987996764e-06 4.746608352864962e-06 -1.062291966651618e-06 
5.835540782045844e-08 -1.1531219969344682e-07 -1.5416735342062956e-08 
-2.2757260698509857e-07 8.272500856566485e-10 -2.47445117250956e-07 
-4.076334694371603e-06 7.510250969665691e-06 -7.887309466415859e-07 
-4.183037592871142e-06 2.2966168254807788e-05 3.0023880849272544e-06 
1.5807049812688323e-05 1.3853928519047543e-05 1.5944549130730845e-05 
1.7385499377020608e-05 2.0200867645314702e-08 1.9424938605405728e-05 
1.606010442820596e-07 -3.161241473566689e-07 -1.2310720227004364e-07 
-3.276779818251613e-06 5.163269857546768e-06 -3.256876651355767e-08 
3.307959483556111e-06 2.3074639704523392e-05 1.3535884379689556e-05 
0.00022705186782445708 -0.0002859926725591322 9.174691496216525e-05 
0.00042797394689841894 -0.001006476333344608 0.0001565861235626187 
0.00040571628142060945 -0.0011309185408663325 0.00021123655727706137 
-2.578986831764269e-07 2.9454009132964505e-08 -2.817633592519823e-07 
-1.5831503255264723e-05 2.2184989642487496e-05 4.168758846567755e-06 
0.00012706374766224826 -0.00013007457360769692 3.125291730654567e-05 
3.164708641634206e-05 -0.0014359364031406585 -0.0005178017293019366 
-0.00980850372070563 0.00682484329036015 -0.004551301341052749 
-0.008809369121081545 0.009733910781505983 -0.0061410366142808925 
-3.4672444441242838e-06 3.2569565546412523e-06 1.3453756783643207e-07 
-3.719959403697404e-05 4.847935329937991e-05 1.559926449101745e-05 
0.0006769961307782069 -0.0006320753430770765 -6.207088958021245e-05 
-0.002284118895829579 0.00030064421480346937 -0.0011437325756560313 
-0.0488736534898635 0.05240801457421185 0.0013575034827226773 
-0.0365481931148679 0.056959351521072676 -0.017558918189024553 
-8.331460112199736e-06 1.0836530584470636e-05 2.1308821634338088e-06 
1.4646315600330695e-06 3.710217561625484e-06 2.535679598913987e-05 
0.0018002752624397544 -0.001623716398171382 -0.00027598234526671206 
-0.009497819770331262 0.0052877080506732455 -0.00019760376017075032 
-0.08285588253420428 0.03484649093297776 0.08623165277094813 
-0.012643089132325258 -0.0524941303920059 0.05887398935556121 
-1.196485043722384e-06 1.1377726256027454e-05 2.4444597168243876e-06 
8.748584868289999e-05 -0.00017095842163628028 -4.032830595912529e-05 
0.0014266444456438876 -0.0014119059496806585 -0.00013794413073453526 
-0.024162441905858145 0.032238947580026434 -0.017596360707102576 
-0.08616266674107464 0.07586865841585677 0.018034054247891618 
0.03714130740377186 -0.08682496909750625 0.026146725392095505 
1.570358008233519e-05 1.4779476905021904e-06 -8.410909905498531e-07 
-0.000132986385341205 4.389257200543284e-05 -0.00014087188563394193 
-0.0012666022906842045 0.0014022122381973645 0.0013832364963661803 
-0.00392152615586383 0.022322402457120916 -0.0009928700139028024 
0.02249143867197745 0.03287271938461345 0.007431265046761837 
0.030032818271365613 -0.026613596914103255 0.026318944140143685 
1.2637183207347968e-05 3.3731594549224475e-06 2.6152176523241977e-06 
-0.00040250555376530883 0.00052955835622015 -3.0740836216125444e-05 
-0.000919503258955956 0.0013224707945482805 -2.3285773025349954e-05 
0.007905872885999088 -0.009956720733953262 -0.003925917157175718 
0.011312212126767918 -0.007119672759927198 -0.01142720859434121 
-0.007470517230103724 -0.0196408324471804 -0.03888534486031858 
-3.257891739298644e-10 1.0957772483644082e-09 2.5757140013392856e-10 
2.902918651253364e-09 -1.8698076714541454e-09 1.1608768878087783e-09 
1.9222728235771742e-08 -3.1375375932156686e-08 1.4720915806224758e-09 
4.142726223639296e-08 -9.814435868273109e-08 -3.832534991825256e-09 
4.324121667301983e-08 -1.4692737616254257e-07 -1.4934581143017966e-08 
2.9174968522866945e-08 -1.1738973340846379e-07 -1.726267837874289e-08 
4.819153094731867e-09 -4.3611862335940595e-09 1.0426996453891683e-09 
4.406867683104633e-08 -8.728786576379069e-08 -8.28048735446222e-09 
-6.6629872617318744e-09 -2.1016324364438464e-07 -7.487466407149203e-08 
-6.177354875462978e-07 3.588134626663665e-07 -2.4307515766239907e-07 
-1.53562816286785e-06 1.8416019474034196e-06 -4.348013072452781e-07 
-1.4794859506887911e-06 2.1615364881966224e-06 -4.304134870670626e-07 
4.406063551263874e-08 -7.470619662589524e-08 -1.2616159541134017e-08 
-7.999797909745077e-08 -1.9775968516243573e-07 -1.3112667909551504e-07 
-2.7981330400568723e-06 3.476282109233196e-06 -1.959098934213848e-07 
-6.681605234412635e-06 1.5803248122194663e-05 1.2079444494036973e-06 
-1.3623851229382922e-06 2.3727741643164713e-05 4.529693900107157e-06 
6.998625705148531e-07 1.9163242851116813e-05 5.185138786204316e-06 
1.3977934228607547e-07 -2.892627960486498e-07 -8.470462809533098e-08 
-2.160359982804382e-06 2.2604975813732622e-06 1.302689465717058e-07 
-6.629400783025874e-06 2.2628281171194198e-05 6.649117621604361e-06 
0.00010046717951439632 -4.7696296760157963e-05 2.557000009062449e-05 
0.0003124743914497685 -0.00034074492918989563 5.122042809091454e-05 
0.00030340853165711223 -0.0004063480371314654 7.292838622774411e-05 
-7.375872021748101e-08 -1.665780200085471e-07 -1.902437186144596e-07 
-1.1908696685594342e-05 1.5796018975812454e-05 3.0924782290497888e-06 
4.178032269530618e-05 1.0914812287765585e-05 1.4004170279413586e-05 
0.0005128570563783796 -0.000753484410438432 -0.00016708345424021331 
-0.001137720131481501 -0.0012916565383420675 -0.0003077493801839637 
-0.001212907263097307 -0.0011515044625411974 -0.0003434799757968676 
-2.1207273593175244e-06 3.2170344431149385e-06 2.889599617611049e-07 
-2.8691576766465277e-05 4.043344061216425e-05 1.3135177212714177e-05 
0.00037718890122562243 -0.0003406167983968089 -1.7635814977268183e-06 
0.0011380170226402697 -0.002243137272671447 -0.0006802513271395583 
-0.009942598009047288 -0.0013323680441317265 0.004618692419171566 
-0.007892571217553268 -0.006284627148652078 0.0021976262923999457 
-5.2708180206789e-06 8.75490912545171e-06 9.795503301572236e-07 
-2.1225115382217385e-06 -5.24259166647667e-05 -7.188201342156475e-06 
0.0010880259236500933 -0.0016841383907149066 -0.00018337977244442527 
-0.004516371007639464 0.005858500599515537 -0.005122362851579965 
-0.035258392629657465 0.018027745596555178 0.017929128138462147 
-0.0015536567761955666 -0.05033863983589981 0.020574690571038445 
-1.8089732787135437e-06 -1.1535033147477836e-06 -5.22314142542557e-06 
2.4016301362728143e-05 -0.0001779531229555431 -0.00011205537762748463 
0.0003072434120667822 0.00018330392231291626 0.00213842266151687 
-0.016431094776237387 0.044074848061427474 -8.170574983523693e-05 
-0.04322815164232452 0.07336828044026333 0.019679159419865755 
0.016493376047947095 -0.09125909701833734 0.05446188957193954 
4.1747811743708674e-07 -6.477601346865924e-06 -1.24302393336162e-05 
-0.00022700050689650197 0.0005902333090261891 -8.152345225198587e-05 
0.00017168883823615033 0.0004775338584295241 0.006536311606396339 
0.009622991979995277 0.0009134057611390745 0.016348591888174724 
0.03854944803606486 0.018942447854442435 0.02315874962005182 
0.02032946385907053 -0.05185964329939452 0.060300948047370184 
-1.2149318899035144e-05 2.6278456300099506e-05 2.779674246333741e-07 
-0.000334650139848236 0.0013779066407551 9.078842497345363e-06 
0.009685799743238022 -0.019041928717427936 -0.0025970241495087976 
0.06512322735943599 -0.17320636235717757 -0.036361332397973456 
0.05495594904095924 -0.191250932242383 -0.098037508156267 
0.0031231203793140594 -0.1779480550212611 -0.18697233026614413 
