-22.548280 -26.130960 -12.667655
-22.548280 -26.130960 -9.667655
-22.548280 -26.130960 -6.667655
-22.548280 -26.130960 -3.667655
-22.548280 -26.130960 -0.667655
-22.548280 -26.130960 2.332345
-19.548280 -26.130960 -12.667655
-19.548280 -26.130960 -9.667655
-19.548280 -26.130960 -6.667655
-19.548280 -26.130960 -3.667655
-19.548280 -26.130960 -0.667655
-19.548280 -26.130960 2.332345
-16.548280 -26.130960 -12.667655
-16.548280 -26.130960 -9.667655
-16.548280 -26.130960 -6.667655
-16.548280 -26.130960 -3.667655
-16.548280 -26.130960 -0.667655
-16.548280 -26.130960 2.332345
-13.548280 -26.130960 -12.667655
-13.548280 -26.130960 -9.667655
-13.548280 -26.130960 -6.667655
-13.548280 -26.130960 -3.667655
-13.548280 -26.130960 -0.667655
-13.548280 -26.130960 2.332345
-10.548280 -26.130960 -12.667655
-10.548280 -26.130960 -9.667655
-10.548280 -26.130960 -6.667655
-10.548280 -26.130960 -3.667655
-10.548280 -26.130960 -0.667655
-10.548280 -26.130960 2.332345
-7.548280 -26.130960 -12.667655
-7.548280 -26.130960 -9.667655
-7.548280 -26.130960 -6.667655
-7.548280 -26.130960 -3.667655
-7.548280 -26.130960 -0.667655
-7.548280 -26.130960 2.332345
-4.548280 -26.130960 -12.667655
-4.548280 -26.130960 -9.667655
-4.548280 -26.130960 -6.667655
-4.548280 -26.130960 -3.667655
-4.548280 -26.130960 -0.667655
-4.548280 -26.130960 2.332345
-1.548280 -26.130960 -12.667655
-1.548280 -26.130960 -9.667655
-1.548280 -26.130960 -6.667655
-1.548280 -26.130960 -3.667655
-1.548280 -26.130960 -0.667655
-1.548280 -26.130960 2.332345
1.451720 -26.130960 -12.667655
1.451720 -26.130960 -9.667655
1.451720 -26.130960 -6.667655
1.451720 -26.130960 -3.667655
1.451720 -26.130960 -0.667655
1.451720 -26.130960 2.332345
4.451720 -26.130960 -12.667655
4.451720 -26.130960 -9.667655
4.451720 -26.130960 -6.667655
4.451720 -26.130960 -3.667655
4.451720 -26.130960 -0.667655
4.451720 -26.130960 2.332345
-22.548280 -23.130960 -12.667655
-22.548280 -23.130960 -9.667655
-22.548280 -23.130960 -6.667655
-22.548280 -23.130960 -3.667655
-22.548280 -23.130960 -0.667655
-22.548280 -23.130960 2.332345
-19.548280 -23.130960 -12.667655
-19.548280 -23.130960 -9.667655
-19.548280 -23.130960 -6.667655
-19.548280 -23.130960 -3.667655
-19.548280 -23.130960 -0.667655
-19.548280 -23.130960 2.332345
-16.548280 -23.130960 -12.667655
-16.548280 -23.130960 -9.667655
-16.548280 -23.130960 -6.667655
-16.548280 -23.130960 -3.667655
-16.548280 -23.130960 -0.667655
-16.548280 -23.130960 2.332345
-13.548280 -23.130960 -12.667655
-13.548280 -23.130960 -9.667655
-13.548280 -23.130960 -6.667655
-13.548280 -23.130960 -3.667655
-13.548280 -23.130960 -0.667655
-13.548280 -23.130960 2.332345
-10.548280 -23.130960 -12.667655
-10.548280 -23.130960 -9.667655
-10.548280 -23.130960 -6.667655
-10.548280 -23.130960 -3.667655
-10.548280 -23.130960 -0.667655
-10.548280 -23.130960 2.332345
-7.548280 -23.130960 -12.667655
-7.548280 -23.130960 -9.667655
-7.548280 -23.130960 -6.667655
-7.548280 -23.130960 -3.667655
-7.548280 -23.130960 -0.667655
-7.548280 -23.130960 2.332345
-4.548280 -23.130960 -12.667655
-4.548280 -23.130960 -9.667655
-4.548280 -23.130960 -6.667655
-4.548280 -23.130960 -3.667655
-4.548280 -23.130960 -0.667655
-4.548280 -23.130960 2.332345
-1.548280 -23.130960 -12.667655
-1.548280 -23.130960 -9.667655
-1.548280 -23.130960 -6.667655
-1.548280 -23.130960 -3.667655
-1.548280 -23.130960 -0.667655
-1.548280 -23.130960 2.332345
1.451720 -23.130960 -12.667655
1.451720 -23.130960 -9.667655
1.451720 -23.130960 -6.667655
1.451720 -23.130960 -3.667655
1.451720 -23.130960 -0.667655
1.451720 -23.130960 2.332345
4.451720 -23.130960 -12.667655
4.451720 -23.130960 -9.667655
4.451720 -23.130960 -6.667655
4.451720 -23.130960 -3.667655
4.451720 -23.130960 -0.667655
4.451720 -23.130960 2.332345
-22.548280 -20.130960 -12.667655
-22.548280 -20.130960 -9.667655
-22.548280 -20.130960 -6.667655
-22.548280 -20.130960 -3.667655
-22.548280 -20.130960 -0.667655
-22.548280 -20.130960 2.332345
-19.548280 -20.130960 -12.667655
-19.548280 -20.130960 -9.667655
-19.548280 -20.130960 -6.667655
-19.548280 -20.130960 -3.667655
-19.548280 -20.130960 -0.667655
-19.548280 -20.130960 2.332345
-16.548280 -20.130960 -12.667655
-16.548280 -20.130960 -9.667655
-16.548280 -20.130960 -6.667655
-16.548280 -20.130960 -3.667655
-16.548280 -20.130960 -0.667655
-16.548280 -20.130960 2.332345
-13.548280 -20.130960 -12.667655
-13.548280 -20.130960 -9.667655
-13.548280 -20.130960 -6.667655
-13.548280 -20.130960 -3.667655
-13.548280 -20.130960 -0.667655
-13.548280 -20.130960 2.332345
-10.548280 -20.130960 -12.667655
-10.548280 -20.130960 -9.667655
-10.548280 -20.130960 -6.667655
-10.548280 -20.130960 -3.667655
-10.548280 -20.130960 -0.667655
-10.548280 -20.130960 2.332345
-7.548280 -20.130960 -12.667655
-7.548280 -20.130960 -9.667655
-7.548280 -20.130960 -6.667655
-7.548280 -20.130960 -3.667655
-7.548280 -20.130960 -0.667655
-7.548280 -20.130960 2.332345
-4.548280 -20.130960 -12.667655
-4.548280 -20.130960 -9.667655
-4.548280 -20.130960 -6.667655
-4.548280 -20.130960 -3.667655
-4.548280 -20.130960 -0.667655
-4.548280 -20.130960 2.332345
-1.548280 -20.130960 -12.667655
-1.548280 -20.130960 -9.667655
-1.548280 -20.130960 -6.667655
-1.548280 -20.130960 -3.667655
-1.548280 -20.130960 -0.667655
-1.548280 -20.130960 2.332345
1.451720 -20.130960 -12.667655
1.451720 -20.130960 -9.667655
1.451720 -20.130960 -6.667655
1.451720 -20.130960 -3.667655
1.451720 -20.130960 -0.667655
1.451720 -20.130960 2.332345
4.451720 -20.130960 -12.667655
4.451720 -20.130960 -9.667655
4.451720 -20.130960 -6.667655
4.451720 -20.130960 -3.667655
4.451720 -20.130960 -0.667655
4.451720 -20.130960 2.332345
-22.548280 -17.130960 -12.667655
-22.548280 -17.130960 -9.667655
-22.548280 -17.130960 -6.667655
-22.548280 -17.130960 -3.667655
-22.548280 -17.130960 -0.667655
-22.548280 -17.130960 2.332345
-19.548280 -17.130960 -12.667655
-19.548280 -17.130960 -9.667655
-19.548280 -17.130960 -6.667655
-19.548280 -17.130960 -3.667655
-19.548280 -17.130960 -0.667655
-19.548280 -17.130960 2.332345
-16.548280 -17.130960 -12.667655
-16.548280 -17.130960 -9.667655
-16.548280 -17.130960 -6.667655
-16.548280 -17.130960 -3.667655
-16.548280 -17.130960 -0.667655
-16.548280 -17.130960 2.332345
-13.548280 -17.130960 -12.667655
-13.548280 -17.130960 -9.667655
-13.548280 -17.130960 -6.667655
-13.548280 -17.130960 -3.667655
-13.548280 -17.130960 -0.667655
-13.548280 -17.130960 2.332345
-10.548280 -17.130960 -12.667655
-10.548280 -17.130960 -9.667655
-10.548280 -17.130960 -6.667655
-10.548280 -17.130960 -3.667655
-10.548280 -17.130960 -0.667655
-10.548280 -17.130960 2.332345
-7.548280 -17.130960 -12.667655
-7.548280 -17.130960 -9.667655
-7.548280 -17.130960 -6.667655
-7.548280 -17.130960 -3.667655
-7.548280 -17.130960 -0.667655
-7.548280 -17.130960 2.332345
-4.548280 -17.130960 -12.667655
-4.548280 -17.130960 -9.667655
-4.548280 -17.130960 -6.667655
-4.548280 -17.130960 -3.667655
-4.548280 -17.130960 -0.667655
-4.548280 -17.130960 2.332345
-1.548280 -17.130960 -12.667655
-1.548280 -17.130960 -9.667655
-1.548280 -17.130960 -6.667655
-1.548280 -17.130960 -3.667655
-1.548280 -17.130960 -0.667655
-1.548280 -17.130960 2.332345
1.451720 -17.130960 -12.667655
1.451720 -17.130960 -9.667655
1.451720 -17.130960 -6.667655
1.451720 -17.130960 -3.667655
1.451720 -17.130960 -0.667655
1.451720 -17.130960 2.332345
4.451720 -17.130960 -12.667655
4.451720 -17.130960 -9.667655
4.451720 -17.130960 -6.667655
4.451720 -17.130960 -3.667655
4.451720 -17.130960 -0.667655
4.451720 -17.130960 2.332345
-22.548280 -14.130960 -12.667655
-22.548280 -14.130960 -9.667655
-22.548280 -14.130960 -6.667655
-22.548280 -14.130960 -3.667655
-22.548280 -14.130960 -0.667655
-22.548280 -14.130960 2.332345
-19.548280 -14.130960 -12.667655
-19.548280 -14.130960 -9.667655
-19.548280 -14.130960 -6.667655
-19.548280 -14.130960 -3.667655
-19.548280 -14.130960 -0.667655
-19.548280 -14.130960 2.332345
-16.548280 -14.130960 -12.667655
-16.548280 -14.130960 -9.667655
-16.548280 -14.130960 -6.667655
-16.548280 -14.130960 -3.667655
-16.548280 -14.130960 -0.667655
-16.548280 -14.130960 2.332345
-13.548280 -14.130960 -12.667655
-13.548280 -14.130960 -9.667655
-13.548280 -14.130960 -6.667655
-13.548280 -14.130960 -3.667655
-13.548280 -14.130960 -0.667655
-13.548280 -14.130960 2.332345
-10.548280 -14.130960 -12.667655
-10.548280 -14.130960 -9.667655
-10.548280 -14.130960 -6.667655
-10.548280 -14.130960 -3.667655
-10.548280 -14.130960 -0.667655
-10.548280 -14.130960 2.332345
-7.548280 -14.130960 -12.667655
-7.548280 -14.130960 -9.667655
-7.548280 -14.130960 -6.667655
-7.548280 -14.130960 -3.667655
-7.548280 -14.130960 -0.667655
-7.548280 -14.130960 2.332345
-4.548280 -14.130960 -12.667655
-4.548280 -14.130960 -9.667655
-4.548280 -14.130960 -6.667655
-4.548280 -14.130960 -3.667655
-4.548280 -14.130960 -0.667655
-4.548280 -14.130960 2.332345
-1.548280 -14.130960 -12.667655
-1.548280 -14.130960 -9.667655
-1.548279 -14.130960 -6.667655
-1.548279 -14.130960 -3.667655
-1.548279 -14.130960 -0.667655
-1.548279 -14.130960 2.332345
1.451720 -14.130960 -12.667655
1.451721 -14.130960 -9.667655
1.451721 -14.130960 -6.667655
1.451720 -14.130960 -3.667655
1.451720 -14.130960 -0.667655
1.451721 -14.130960 2.332345
4.451720 -14.130960 -12.667655
4.451720 -14.130960 -9.667655
4.451721 -14.130960 -6.667655
4.451721 -14.130958 -3.667655
4.451721 -14.130958 -0.667655
4.451721 -14.130959 2.332345
-22.548280 -11.130960 -12.667655
-22.548280 -11.130960 -9.667655
-22.548280 -11.130960 -6.667655
-22.548280 -11.130960 -3.667655
-22.548280 -11.130960 -0.667655
-22.548280 -11.130960 2.332345
-19.548280 -11.130960 -12.667655
-19.548280 -11.130960 -9.667655
-19.548280 -11.130960 -6.667655
-19.548280 -11.130960 -3.667655
-19.548280 -11.130960 -0.667655
-19.548280 -11.130960 2.332345
-16.548280 -11.130960 -12.667655
-16.548280 -11.130960 -9.667655
-16.548280 -11.130960 -6.667655
-16.548280 -11.130960 -3.667655
-16.548280 -11.130960 -0.667655
-16.548280 -11.130960 2.332345
-13.548280 -11.130960 -12.667655
-13.548280 -11.130960 -9.667655
-13.548280 -11.130960 -6.667655
-13.548280 -11.130960 -3.667655
-13.548280 -11.130960 -0.667655
-13.548280 -11.130960 2.332345
-10.548280 -11.130960 -12.667655
-10.548280 -11.130960 -9.667655
-10.548280 -11.130960 -6.667655
-10.548280 -11.130960 -3.667655
-10.548279 -11.130960 -0.667655
-10.548279 -11.130960 2.332345
-7.548280 -11.130960 -12.667655
-7.548280 -11.130960 -9.667655
-7.548280 -11.130960 -6.667655
-7.548280 -11.130960 -3.667655
-7.548279 -11.130960 -0.667655
-7.548279 -11.130960 2.332345
-4.548280 -11.130960 -12.667655
-4.548280 -11.130960 -9.667655
-4.548279 -11.130960 -6.667655
-4.548279 -11.130960 -3.667655
-4.548279 -11.130959 -0.667655
-4.548279 -11.130960 2.332345
-1.548280 -11.130960 -12.667655
-1.548279 -11.130960 -9.667655
-1.548278 -11.130957 -6.667653
-1.548262 -11.130942 -3.667655
-1.548272 -11.130956 -0.667658
-1.548279 -11.130959 2.332345
1.451720 -11.130960 -12.667655
1.451721 -11.130960 -9.667655
1.451756 -11.130873 -6.667598
1.451920 -11.130524 -3.667596
1.451943 -11.130571 -0.667751
1.451776 -11.130897 2.332309
4.451720 -11.130960 -12.667655
4.451721 -11.130958 -9.667653
4.451717 -11.130763 -6.667525
4.451678 -11.130290 -3.667529
4.451685 -11.130146 -0.667781
4.451720 -11.130743 2.332243
-22.548280 -8.130960 -12.667655
-22.548280 -8.130960 -9.667655
-22.548280 -8.130960 -6.667655
-22.548280 -8.130960 -3.667655
-22.548280 -8.130960 -0.667655
-22.548280 -8.130960 2.332345
-19.548280 -8.130960 -12.667655
-19.548280 -8.130960 -9.667655
-19.548280 -8.130960 -6.667655
-19.548280 -8.130960 -3.667655
-19.548280 -8.130960 -0.667655
-19.548280 -8.130960 2.332345
-16.548280 -8.130960 -12.667655
-16.548280 -8.130960 -9.667655
-16.548280 -8.130960 -6.667655
-16.548280 -8.130960 -3.667655
-16.548280 -8.130960 -0.667655
-16.548280 -8.130960 2.332345
-13.548280 -8.130960 -12.667655
-13.548280 -8.130960 -9.667655
-13.548280 -8.130960 -6.667655
-13.548279 -8.130960 -3.667655
-13.548279 -8.130960 -0.667655
-13.548279 -8.130960 2.332345
-10.548280 -8.130960 -12.667655
-10.548280 -8.130960 -9.667655
-10.548279 -8.130960 -6.667655
-10.548279 -8.130960 -3.667655
-10.548276 -8.130954 -0.667653
-10.548272 -8.130948 2.332345
-7.548280 -8.130960 -12.667655
-7.548280 -8.130960 -9.667655
-7.548279 -8.130960 -6.667655
-7.548276 -8.130956 -3.667652
-7.548263 -8.130902 -0.667639
-7.548254 -8.130858 2.332341
-4.548280 -8.130960 -12.667655
-4.548280 -8.130960 -9.667655
-4.548278 -8.130958 -6.667653
-4.548260 -8.130919 -3.667635
-4.548263 -8.130878 -0.667641
-4.548280 -8.130867 2.332337
-1.548279 -8.130960 -12.667655
-1.548279 -8.130959 -9.667654
-1.548234 -8.130959 -6.667645
-1.547913 -8.130299 -3.667267
-1.547630 -8.129965 -0.667708
-1.548198 -8.130798 2.332278
1.451721 -8.130960 -12.667655
1.451738 -8.130939 -9.667610
1.451704 -8.130953 -6.667653
1.447052 -8.126250 -3.666224
1.447689 -8.127411 -0.667610
1.453353 -8.130106 2.331881
4.451720 -8.130960 -12.667655
4.451721 -8.130904 -9.667535
4.452036 -8.131125 -6.668190
4.464040 -8.091377 -3.663115
4.473292 -8.091479 -0.659866
4.470719 -8.098183 2.329236
-22.548280 -5.130960 -12.667655
-22.548280 -5.130960 -9.667655
-22.548280 -5.130960 -6.667655
-22.548280 -5.130960 -3.667655
-22.548280 -5.130960 -0.667655
-22.548280 -5.130960 2.332345
-19.548280 -5.130960 -12.667655
-19.548280 -5.130960 -9.667655
-19.548280 -5.130960 -6.667655
-19.548280 -5.130960 -3.667655
-19.548280 -5.130960 -0.667655
-19.548280 -5.130960 2.332345
-16.548280 -5.130960 -12.667655
-16.548280 -5.130960 -9.667655
-16.548280 -5.130960 -6.667655
-16.548279 -5.130960 -3.667655
-16.548279 -5.130960 -0.667655
-16.548279 -5.130960 2.332345
-13.548280 -5.130960 -12.667655
-13.548280 -5.130960 -9.667655
-13.548279 -5.130960 -6.667655
-13.548279 -5.130960 -3.667655
-13.548268 -5.130951 -0.667652
-13.548262 -5.130947 2.332344
-10.548280 -5.130960 -12.667655
-10.548280 -5.130960 -9.667655
-10.548279 -5.130960 -6.667655
-10.548253 -5.130924 -3.667617
-10.548159 -5.130811 -0.667608
-10.548172 -5.130834 2.332327
-7.548280 -5.130960 -12.667655
-7.548279 -5.130960 -9.667655
-7.548278 -5.130959 -6.667653
-7.548184 -5.130769 -3.667449
-7.547824 -5.130202 -0.667545
-7.547816 -5.128859 2.331903
-4.548280 -5.130960 -12.667655
-4.548279 -5.130960 -9.667655
-4.548252 -5.130940 -6.667605
-4.548247 -5.130437 -3.666935
-4.541529 -5.126057 -0.665383
-4.550352 -5.135584 2.334607
-1.548279 -5.130960 -12.667655
-1.548277 -5.130961 -9.667652
-1.548151 -5.130932 -6.667489
-1.537108 -5.127107 -3.658397
-1.571759 -5.112835 -0.682691
-1.530455 -5.121590 2.328997
1.451721 -5.130960 -12.667655
1.451786 -5.130962 -9.667500
1.450063 -5.130976 -6.667878
1.424413 -5.134269 -3.634076
1.513012 -5.084845 -0.628172
1.534980 -5.103601 2.342282
4.451721 -5.130960 -12.667655
4.451710 -5.130960 -9.667330
4.456569 -5.131694 -6.658401
4.592662 -5.202101 -3.594226
4.738897 -5.150486 -0.580188
4.850280 -5.133185 2.211679
-22.548280 -2.130960 -12.667655
-22.548280 -2.130960 -9.667655
-22.548280 -2.130960 -6.667655
-22.548280 -2.130960 -3.667655
-22.548280 -2.130960 -0.667655
-22.548280 -2.130960 2.332345
-19.548280 -2.130960 -12.667655
-19.548280 -2.130960 -9.667655
-19.548280 -2.130960 -6.667655
-19.548280 -2.130960 -3.667655
-19.548280 -2.130960 -0.667655
-19.548280 -2.130960 2.332345
-16.548280 -2.130960 -12.667655
-16.548280 -2.130960 -9.667655
-16.548280 -2.130960 -6.667655
-16.548279 -2.130960 -3.667655
-16.548279 -2.130960 -0.667655
-16.548279 -2.130960 2.332345
-13.548280 -2.130960 -12.667655
-13.548280 -2.130960 -9.667655
-13.548279 -2.130960 -6.667655
-13.548270 -2.130958 -3.667647
-13.548179 -2.130940 -0.667630
-13.548148 -2.130935 2.332332
-10.548280 -2.130960 -12.667655
-10.548279 -2.130960 -9.667655
-10.548279 -2.130960 -6.667653
-10.548151 -2.130916 -3.667487
-10.544913 -2.128835 -0.665972
-10.542882 -2.128104 2.330230
-7.548280 -2.130960 -12.667655
-7.548279 -2.130960 -9.667655
-7.548272 -2.130952 -6.667621
-7.548075 -2.130769 -3.667326
-7.542419 -2.074702 -0.597764
-7.507102 -2.041951 2.257238
-4.548280 -2.130960 -12.667655
-4.548279 -2.130960 -9.667654
-4.548184 -2.130906 -6.667403
-4.546819 -2.131142 -3.664860
-4.537143 -2.093603 -0.638167
-4.602670 -2.122726 2.347340
-1.548279 -2.130960 -12.667655
-1.548279 -2.130960 -9.667655
-1.548270 -2.130852 -6.667643
-1.537377 -2.139158 -3.651669
-1.589528 -2.155143 -0.683751
-1.467208 -2.143094 2.296107
1.451721 -2.130960 -12.667655
1.451743 -2.130979 -9.667607
1.451932 -2.131095 -6.667337
1.445767 -2.130792 -3.663663
1.504512 -2.146502 -0.622043
1.533039 -2.217400 2.280192
4.451720 -2.130960 -12.667655
4.451721 -2.131016 -9.667521
4.452392 -2.131008 -6.668469
4.477829 -2.163028 -3.672411
4.473818 -2.164240 -0.657796
4.524214 -2.174789 2.333508
-22.548280 0.869040 -12.667655
-22.548280 0.869040 -9.667655
-22.548280 0.869040 -6.667655
-22.548280 0.869040 -3.667655
-22.548280 0.869040 -0.667655
-22.548280 0.869040 2.332345
-19.548280 0.869040 -12.667655
-19.548280 0.869040 -9.667655
-19.548280 0.869040 -6.667655
-19.548280 0.869040 -3.667655
-19.548280 0.869040 -0.667655
-19.548280 0.869040 2.332345
-16.548280 0.869040 -12.667655
-16.548280 0.869040 -9.667655
-16.548280 0.869040 -6.667655
-16.548279 0.869040 -3.667655
-16.548279 0.869040 -0.667655
-16.548279 0.869040 2.332345
-13.548280 0.869040 -12.667655
-13.548280 0.869040 -9.667655
-13.548279 0.869040 -6.667655
-13.548268 0.869038 -3.667645
-13.548176 0.869023 -0.667631
-13.548150 0.869017 2.332332
-10.548280 0.869040 -12.667655
-10.548279 0.869040 -9.667655
-10.548278 0.869040 -6.667652
-10.548119 0.869003 -3.667459
-10.542000 0.866737 -0.664415
-10.542108 0.866109 2.328863
-7.548280 0.869040 -12.667655
-7.548279 0.869040 -9.667654
-7.548255 0.869039 -6.667582
-7.548647 0.868920 -3.667214
-7.560924 0.815448 -0.616007
-7.586752 0.785680 2.272657
-4.548280 0.869040 -12.667655
-4.548279 0.869040 -9.667655
-4.548093 0.869074 -6.667175
-4.547615 0.872554 -3.667159
-4.422607 0.895938 -0.506236
-4.535163 0.881905 2.160133
-1.548280 0.869040 -12.667655
-1.548278 0.869041 -9.667652
-1.548353 0.869043 -6.667247
-1.546597 0.894478 -3.629509
-1.730627 0.970455 -0.607614
-1.591443 0.872145 2.361798
1.451720 0.869040 -12.667655
1.451722 0.869042 -9.667653
1.452072 0.869463 -6.667437
1.461537 0.875480 -3.677076
1.486909 0.804555 -0.677063
1.483916 0.896529 2.248644
4.451720 0.869040 -12.667655
4.451724 0.869068 -9.667618
4.451740 0.869456 -6.667348
4.452127 0.862724 -3.668920
4.440518 0.873115 -0.670080
4.471986 0.924207 2.354280
-22.548280 3.869040 -12.667655
-22.548280 3.869040 -9.667655
-22.548280 3.869040 -6.667655
-22.548280 3.869040 -3.667655
-22.548280 3.869040 -0.667655
-22.548280 3.869040 2.332345
-19.548280 3.869040 -12.667655
-19.548280 3.869040 -9.667655
-19.548280 3.869040 -6.667655
-19.548280 3.869040 -3.667655
-19.548280 3.869040 -0.667655
-19.548280 3.869040 2.332345
-16.548280 3.869040 -12.667655
-16.548280 3.869040 -9.667655
-16.548280 3.869040 -6.667655
-16.548279 3.869040 -3.667655
-16.548279 3.869040 -0.667655
-16.548279 3.869040 2.332345
-13.548280 3.869040 -12.667655
-13.548280 3.869040 -9.667655
-13.548279 3.869040 -6.667655
-13.548278 3.869039 -3.667654
-13.548262 3.869028 -0.667651
-13.548259 3.869025 2.332343
-10.548280 3.869040 -12.667655
-10.548279 3.869040 -9.667655
-10.548279 3.869040 -6.667655
-10.548236 3.868997 -3.667600
-10.548056 3.868764 -0.667553
-10.548058 3.868767 2.332263
-7.548280 3.869040 -12.667655
-7.548279 3.869040 -9.667655
-7.548267 3.869035 -6.667634
-7.547975 3.868737 -3.667214
-7.549380 3.864442 -0.665317
-7.548994 3.863318 2.329578
-4.548280 3.869040 -12.667655
-4.548279 3.869040 -9.667655
-4.548114 3.868992 -6.667361
-4.545941 3.867893 -3.664451
-4.505624 3.841400 -0.644269
-4.592354 3.833589 2.333257
-1.548280 3.869040 -12.667655
-1.548278 3.869040 -9.667651
-1.548057 3.869068 -6.667439
-1.562863 3.847201 -3.649211
-1.797209 3.756825 -0.660814
-1.375471 3.950977 2.260730
1.451720 3.869040 -12.667655
1.451747 3.869041 -9.667621
1.451383 3.869106 -6.665640
1.448359 3.871101 -3.680946
1.529607 3.893277 -0.672071
1.379446 3.917446 2.224626
4.451721 3.869040 -12.667655
4.451725 3.869035 -9.667453
4.456442 3.879294 -6.663393
4.728742 4.346125 -3.633800
4.982817 4.414691 -0.466352
5.258833 4.409486 2.481838
