-2.602E+01 -2.602E+01 0.000E+00
-2.519E+01 -2.519E+01 -2.847E-04
-2.403E+01 -2.403E+01 -1.712E-03
-2.246E+01 -2.246E+01 -5.830E-03
-2.046E+01 -2.045E+01 -1.562E-02
-1.811E+01 -1.807E+01 -3.600E-02
-1.563E+01 -1.556E+01 -7.327E-02
-1.334E+01 -1.321E+01 -1.314E-01
-1.140E+01 -1.119E+01 -2.065E-01
-9.760E+00 -9.470E+00 -2.891E-01
-8.419E+00 -8.039E+00 -3.805E-01
-7.397E+00 -6.912E+00 -4.852E-01
-6.762E+00 -6.167E+00 -5.945E-01
-6.696E+00 -6.079E+00 -6.163E-01
-6.566E+00 -5.932E+00 -6.339E-01
-6.504E+00 -5.866E+00 -6.379E-01
-6.438E+00 -5.791E+00 -6.468E-01
-6.391E+00 -5.738E+00 -6.523E-01
-6.335E+00 -5.673E+00 -6.624E-01
-6.285E+00 -5.611E+00 -6.742E-01
-6.223E+00 -5.543E+00 -6.798E-01
-6.181E+00 -5.498E+00 -6.833E-01
-6.133E+00 -5.443E+00 -6.896E-01
-6.079E+00 -5.382E+00 -6.970E-01
-6.057E+00 -5.353E+00 -7.040E-01
-5.991E+00 -5.286E+00 -7.053E-01
-5.948E+00 -5.240E+00 -7.081E-01
-5.904E+00 -5.193E+00 -7.108E-01
-5.885E+00 -5.169E+00 -7.164E-01
-5.810E+00 -5.094E+00 -7.167E-01
-5.782E+00 -5.064E+00 -7.183E-01
-5.749E+00 -5.029E+00 -7.201E-01
-5.704E+00 -4.981E+00 -7.232E-01
-5.667E+00 -4.941E+00 -7.263E-01
-5.628E+00 -4.900E+00 -7.283E-01
-5.598E+00 -4.870E+00 -7.288E-01
-5.575E+00 -4.844E+00 -7.310E-01
-5.549E+00 -4.818E+00 -7.314E-01
-5.524E+00 -4.791E+00 -7.330E-01
-5.515E+00 -4.781E+00 -7.337E-01
-5.500E+00 -4.764E+00 -7.358E-01
-5.488E+00 -4.753E+00 -7.355E-01
-5.438E+00 -4.701E+00 -7.371E-01
-5.409E+00 -4.672E+00 -7.370E-01
-5.392E+00 -4.653E+00 -7.385E-01
-5.369E+00 -4.630E+00 -7.384E-01
-5.348E+00 -4.608E+00 -7.395E-01
-5.332E+00 -4.592E+00 -7.398E-01
-5.312E+00 -4.571E+00 -7.411E-01
-5.293E+00 -4.552E+00 -7.410E-01
-5.264E+00 -4.522E+00 -7.419E-01
-5.244E+00 -4.502E+00 -7.422E-01
-5.220E+00 -4.477E+00 -7.432E-01
-5.196E+00 -4.452E+00 -7.440E-01
-5.187E+00 -4.441E+00 -7.457E-01
-5.134E+00 -4.388E+00 -7.458E-01
-5.111E+00 -4.364E+00 -7.468E-01
-5.081E+00 -4.333E+00 -7.481E-01
-5.041E+00 -4.291E+00 -7.504E-01
-5.004E+00 -4.251E+00 -7.533E-01
-4.967E+00 -4.212E+00 -7.546E-01
-4.935E+00 -4.178E+00 -7.567E-01
-4.915E+00 -4.156E+00 -7.588E-01
-4.896E+00 -4.133E+00 -7.629E-01
-4.841E+00 -4.078E+00 -7.627E-01
-4.814E+00 -4.049E+00 -7.651E-01
-4.788E+00 -4.021E+00 -7.663E-01
-4.766E+00 -3.995E+00 -7.706E-01
